100
98
963497004 125329581 184098079 920448117 231609209 289171038 888958264 802960041 899909790 318219607 593915876 495063786 589350453 938707131 372069959 134063631 310411943 6310547 711442808 115937728 865974115 54862961 571790716 978797143 161550660 481309408 272803383 524761556 77731013 17336515 552726277 46944581 761953378 802784353 144786722 224648294 169924331 606350584 301665915 378410484 132338707 986047123 13465611 130480430 838272742 138456643 899154525 401907799 859486390 516898049 438107943 782945687 793768742 873265407 138839496 113379226 429151931 57341500 505508731 522998134 730440083 155200068 502067830 507247961 717464532 429168641 238944705 817928290 596840194 300298438 628675167 783503272 404755522 807723064 136797259 699975790 15326379 132048275 308039344 919487277 2841903 457330521 664228153 263666640 446370148 718836915 705022894 697773550 107752181 31342859 187555269 783930022 815045780 543144938 235513161 533653719 306988943 123068913
99
462479637 634316717 146991731 980211393 572648597 116649633 197254616 954495917 347711264 331122772 431682523 80511167 254310460 619515258 788519486 116174606 228465665 664862902 904664142 633414379 871666585 126582514 49425879 39384402 641224159 259217067 487729495 24528061 552578476 342323860 306720841 191129791 575741841 957782603 869098396 282598905 544090941 888957884 828906254 504427722 126912489 346506120 551601949 862101942 301907559 17702162 200868929 307532963 352265039 734651841 81638501 585483553 547789904 318703386 521419864 522924344 738579474 295409022 109158463 39989040 396682233 587431942 62181140 594877635 398497325 908247167 137000139 208578175 344372287 370971968 505494476 479288910 324555684 951482586 888126435 906931105 426312544 247367485 869601970 284855296 686096701 884204160 687026012 730482812 306075027 120636064 195465843 184638731 439222736 344864095 701702160 995630485 272685713 21033333 776608770 178875757 818532836 139653015 898240259
98
964607321 719833658 71409101 574977227 166703843 817716095 994329138 5724200 324971345 909975857 553804842 865099211 937184652 348968856 573820350 466465879 517699531 69774480 279437444 121917313 876032833 925534105 655213106 944176910 316514209 404908853 287133283 141613392 451260752 424564338 698925832 964171617 446864248 484921556 851404862 879296768 21932383 400624164 616590885 752830092 777481036 395925270 401163059 15091271 758702874 294090831 859057929 983699513 237248936 814426943 598898006 945096821 770512577 506303090 562725262 354783686 530299492 158086010 503257892 388216485 386966182 895219845 108154751 715596001 561480967 283920057 693534023 390805778 369623607 46640070 712895863 658896756 852651070 653839721 810835310 533058967 996076490 587515921 743909445 656773741 30616319 196119508 956233181 153282217 539553005 95234217 450617588 371681402 935360977 428761555 91813111 560002779 869092927 954190601 40061937 619946990 678187479 262107814
97
915441221 599005314 64181473 216181706 633289190 717869522 318274622 482888054 208168889 579888784 8716488 795416702 662137402 17240424 456097309 813572616 745566807 932583211 529057213 279206347 414250081 897382205 902055865 486924801 233468023 586187801 565550270 885765431 274392122 389090166 47196000 141245068 456547226 849504472 275898958 44161791 990603816 109285338 538816730 753138548 794995990 109002487 289753793 565633214 348139808 643813168 572701992 585228924 557226190 581787253 142510662 1899144 723888202 335789554 481842440 776616359 462874109 529045660 2933396 405938405 551280742 384214027 629596494 141140354 692252733 152632342 400531836 718382511 99222651 170584155 209067880 839020796 48270234 581743247 289046049 499466128 130799893 437153777 5276794 732816205 476696118 660836161 119451477 719090011 977258760 830577491 744016909 770278113 827668204 414916988 493119852 841228869 416047400 467992576 427048395 91983943 986990487
100
392073159 756852824 375677281 684019550 199282322 690035156 485134167 959492482 724147041 774087849 101124707 947106359 974505133 520103180 671634826 773248087 93121100 349885452 387316920 964808716 131718219 875581258 435691830 740502651 784244227 836963152 84608019 229267881 168209297 62583606 803085579 561431001 530296979 339315628 154980984 975765842 1811517 806182876 658932015 426339974 347552788 435421266 18723430 358560879 786858774 249731658 386865658 141579914 720558742 129360514 62605114 797851217 912676046 738972634 593070066 888305879 688098841 983581999 46590891 156138534 501713708 566599554 937233970 470352297 427900636 238006812 451136729 380521515 989747178 401759112 683157474 339256135 343895739 379500623 644090152 713898174 449463189 313432068 60180584 332327083 260098492 98741262 130330438 334495487 570371397 643511345 257458304 297068670 790695822 529014773 260740711 756023620 692989801 614263202 833375893 924501217 587378497 932831027 525441891 563162799
100
375829059 127531107 730862821 514661455 424294611 509268499 928186341 298968701 418095984 345498504 611713925 881521713 992055345 685149273 746635901 513988229 554795653 209606117 215977678 326174553 959623378 433662116 209607588 985479082 90157471 86386415 53832350 88886963 754533500 543192760 635935546 343267092 855345692 893034296 578026308 83672648 929845999 592001546 122779615 388102283 270617931 82272979 516918130 365424367 485051790 96108641 629922980 626493850 146867830 73652451 330251201 94309528 313398701 681790061 93598900 285682027 167585862 50536462 324373105 10785959 285950152 829288231 383692197 174624063 826430095 501462346 229599375 996699731 828860752 972985050 10149122 650989093 291245514 323774507 748581374 986881626 668285158 464965563 354642011 828011192 635310432 92475479 363646514 576953215 877566152 35317360 765004575 882276961 128926861 696166068 25149342 129867833 95079498 866145231 619696045 999698658 166305357 682134553 866594005 954455360
98
460617741 939187045 755610420 597895694 854226387 993128950 690218231 630777953 58308269 490165080 123631169 29767808 564405431 307388818 289107773 848457072 709847041 236996759 927538661 238889476 121946417 89719160 794842160 178033316 148043649 187532309 182835032 112345346 396749338 180283930 888288995 654233190 214101547 651030083 98465203 234458380 339504430 196784691 563853509 823486297 891173153 160253522 819486384 694631420 65751167 863840477 890282747 5298684 48037169 801576773 632160083 522215686 252097231 650778328 671257397 703316543 109751595 230429810 891857668 837361429 477788025 346499597 897277740 633177930 993024684 660819626 626793158 593474748 496870389 146380063 62580265 291511660 625605339 929490535 631701960 879221866 996439952 701998638 975716147 50632242 73290368 386028035 466229468 287226981 973252162 839565434 384746623 930183092 565412835 465958519 690109379 16291788 666336362 398369804 250475770 9352380 254871947 470082737
98
915268113 831999530 482948561 438032494 720389470 911402653 895018907 686314362 345624968 199887362 441653814 143790939 27608034 129607210 979194149 349440135 919684089 776603571 665835370 4371781 863699737 695220547 777718747 774179195 550528294 58723923 685721329 658675553 82388226 955666421 130383357 783374601 418231779 594115165 834870405 353507945 942618375 910511025 215495630 179011213 498641598 976836710 681403908 253993473 337386970 118098829 651777625 5567127 315768972 702060431 760110130 116465136 164674767 878866950 315512895 383440387 838098088 390186067 480495829 262284510 811674414 460407448 350237680 636705803 270192316 12300551 800806065 690592312 934433389 234118991 707355677 122024934 427018429 36125202 55787656 627720366 747696510 157108194 409227134 528113398 908925922 546761348 846327594 606559042 530039673 540039637 683036994 816034963 115153309 796652430 481141121 15228905 397136060 612976173 862483455 371247186 557269272 190215488
100
146615012 426289651 990703496 364566083 822890827 816025045 444569737 797169476 248271432 638502653 854377443 398415705 951057341 683070850 32127402 69767600 571617171 627960687 105962510 308797182 338596605 877926050 618747587 79139579 431669751 560655701 902179365 372883673 340564932 646497224 219404981 587979853 888354073 67789814 751570952 380047743 373543605 721358619 968209719 128872777 245790504 789876173 214396961 235546371 875700286 325475303 363257532 212652629 844081452 241375154 921984092 439887803 568478894 120355190 556394055 707572723 550181831 394155629 975517723 981167942 806834083 251860942 127518023 338665507 130662453 742610820 253164045 319912051 992272995 780868420 930796537 600860449 538254116 24168079 634398945 438548133 401677991 847944931 634920736 677866222 250059540 201841411 741315734 770920231 124272154 258737754 847656471 380465883 949529386 980560167 882512617 715675934 21118346 434185597 190314528 411789577 439424325 929779068 347396412 33715150
100
300239210 733550318 925018270 388735081 236885332 970373302 146027566 106575936 99735855 470443536 788206950 317582280 211846975 766947438 252572540 652289750 884207445 522144771 886522477 994393047 373781171 647630529 416061360 462572914 838466389 338620822 59354197 680567513 916826254 574754956 790967162 512864422 407919861 378763976 522533922 61487241 884709135 762053752 63844317 65674149 219760456 508519423 251205019 848136720 756194264 317160811 111286332 184300592 309944109 697137009 147252864 445345440 337366302 707576045 37977036 592914123 960773641 529345806 441758826 63693268 253837641 220717840 654384579 87564850 865188347 960688362 935978630 687749388 428522307 955425659 746500418 214715726 460547668 427831581 636086437 372259224 439143686 254264705 587216975 650704728 823746148 131382271 382555471 853685507 245037485 468379529 692171561 515329349 595628949 401550424 638312375 557659482 18078942 57934769 320267523 210681370 529209620 486895620 128549594 379216400
99
132057628 648889852 152969923 450012559 476503806 494751043 752137472 639460896 977551462 50654333 421515127 305197755 49436478 333382798 334969966 137147764 295769621 212337660 535572310 686013743 175328812 427516748 287141783 602978637 914376147 922537778 846073021 339137552 37218111 80371276 240685243 122888232 769831992 879540035 759712212 956923008 933261912 202070910 299211008 625464943 867530966 487136099 243712486 563169551 122019647 81738415 655586647 278129417 951966950 132061606 281124857 966734614 924675093 689518219 309832729 599421210 978095199 149099658 909241875 634106567 148921928 70569010 910924372 578895598 984578618 700179819 774338190 891470857 255407822 163104790 776383886 920824622 635554515 361519997 532546697 763036739 835542213 169611592 547789231 701539455 785207403 923163896 505411290 495221396 840000761 45226029 617511981 566231639 308023896 273991792 516912344 296478801 838121566 429428254 947674485 948286367 198689539 547707400 871921616
98
29997924 932813237 650900433 473385884 948570082 969111330 315711525 226155321 96207875 877605321 215668566 660323081 452198188 768209585 631216915 631947386 857296779 941488393 77863171 389571477 542537212 199139577 882409319 403549429 696900120 537219338 482635611 273235414 413066347 334048954 612704514 3406358 963106770 842005334 999858646 726542930 445967371 600941784 89821416 677675015 777196901 223866077 11939861 67698284 359705769 49841720 4435091 976452272 153297694 85616264 909948983 215419273 220301885 496075265 45229738 282801031 467832155 932963052 131351445 561729994 547637971 137990190 496324699 606671163 935151603 232441858 376215964 53585401 326969695 254214329 146615503 115292799 834998665 922859872 669752978 166806835 938327516 203349658 847484128 978425639 589419828 787029994 680683499 836126451 895107555 751389800 19407945 654601544 718837299 286148733 7874803 900700700 568065962 8310767 430034215 198137272 591768743 216405352
97
895620267 800845998 620775745 320077249 639485130 222286641 694787448 673046642 357721379 708008223 777561537 834242333 856467299 604522670 147834150 145027587 140650055 910117281 835102891 198141978 352151391 623672141 315187852 365475240 472556487 528181777 262953309 178232732 802018726 106272807 650179178 724999799 257014058 705767073 764341339 829521587 526782841 849468529 777186800 220740034 366084024 446894917 815737954 89491402 465337975 219787029 984156148 850791237 72857784 228742789 565573691 397561757 871652590 367985219 919613512 109250038 636307939 495453983 119972844 303223830 680360223 860965805 405547861 170470024 923339596 369051691 46767467 860732472 23521218 815478000 270157518 937586114 651542998 135769878 578656517 888992162 790245898 914218039 694497495 469649611 179474010 265871417 818163601 280984781 829233581 54937733 899535890 240692396 291391311 121529480 480034103 645265583 812391758 235696313 560562608 266432737 768416080
98
153674306 307345066 413337180 976046816 593709214 918472185 632024227 214467261 322638319 332985378 457156045 375589722 999520447 565485320 368454841 690285235 985875922 347272084 581959683 507114522 196600314 71628560 971582808 728872930 198506130 769346693 858482890 729730980 434223828 926320437 571143313 448463596 738912719 973233016 913503399 286270416 213614632 516956306 271694133 867685544 411784309 865138954 624880820 83782966 659801710 436987367 461201030 394220497 445017221 174544159 29077639 260861737 156803861 357330485 971408600 131980326 420437560 778848959 365608718 702671640 403050951 440020689 938811889 520504411 702428643 527223180 967269425 425296524 765091781 751673759 577915339 754472009 925074043 644874942 2806792 545996147 958648487 608563202 824725686 394687077 383713368 157544038 73970533 774895046 935383632 970846800 185593534 473939623 327605747 736959036 793794131 290275216 617972959 451400425 510400353 423313158 704610818 424379248
98
795033844 977590726 371571955 656202614 207682795 277516743 324696759 119682270 681113290 393254245 375030872 92347372 141542221 5155326 110251727 864744013 855434906 403654542 126086304 792620577 462267220 214592477 269964654 230084542 949410398 438244383 744939920 448469752 973476156 299906776 412870967 994468116 872180917 787552492 958102255 139126083 74749454 823246477 783835211 244000605 612569476 292608872 956279611 781753340 230081689 278047364 826164062 471439839 437621827 239243043 407758294 231747011 426883655 19432772 94349569 80718320 554236586 919315923 301155518 572889421 906990974 444447284 102776490 264960335 744631231 355868328 69726447 124177435 108364035 886295251 2649556 819355580 227474702 141350450 81421452 945851822 384204948 410818407 793797223 586809365 966285170 200304354 684425763 381262879 88485797 302641316 24517981 803755895 41297357 331066581 564985983 592549322 383237053 470001700 446817465 86289160 233719422 976942965
99
76922967 535721960 794997916 327367096 211384590 43690767 917636891 610125317 111193377 808050028 806402022 196524326 430732263 757429472 197663166 956444404 29585281 525173450 296212146 766495827 468929913 369060656 228883572 531866143 670273976 428872841 438745829 636209893 364498776 430604814 168380669 823038271 291252943 867161334 826534637 416278229 224715422 907885411 897280861 343147446 49638188 943842383 16564855 331410894 826127787 257918659 332645210 110976494 686413344 43320045 384989982 413516618 16202961 880725864 378959110 768200352 820799210 219866371 280081130 971045354 289561110 17836491 657286711 800472334 989457372 728859117 55382055 814344012 717619343 663110774 231746700 372804972 174393419 849282253 56278065 524801331 370159298 418090264 943386884 253795882 39638234 521771670 868106627 740108119 391225951 981227605 412884706 813500905 438245649 991783961 958038072 585911478 248410909 997826585 656548936 563179211 289513954 581595241 632176955
98
924398223 373189996 303431402 143662580 271268330 324297920 441037697 95032783 791107185 477445252 30801499 664252997 385896566 385097262 248201563 129254897 895505932 678518138 656798121 106823718 977678424 379116194 873693327 685428874 773402489 693270654 260480821 123335624 880568710 675251932 372620933 827876274 118841276 516074775 124203758 624384833 627270274 439975436 794962464 569048498 532319448 209842568 374493603 403289310 458031381 867457371 256568186 695833115 750516884 690358545 372764313 636502212 927756414 139786264 263288461 716499193 578287595 679799939 308262699 755001697 63464008 331864989 979349276 9333611 773394515 256820689 126843727 710311830 359250292 4109783 809594461 673463165 290165868 944088762 144255328 236577665 652204416 112997660 312762676 544079937 761413009 898448708 955408306 599425768 178207720 171130721 877733738 507665628 106087148 36940844 312368142 494812166 78645194 908412290 943194650 376098934 845052639 920905987
99
823102643 158243799 928120448 994172188 857358062 995738498 215404650 40524515 554113935 1461700 538266519 673621231 65182909 145733242 423115678 972434972 528309551 3525634 159924672 318455697 139589839 450516438 491443853 655580887 870057491 710298848 166442135 220212642 226759892 828074455 585022820 759065632 159917857 690443869 636309600 551711855 761117205 972473926 38293586 7791945 363556379 118859524 388546720 137294110 810498058 425408622 54391702 583426027 264289721 978864333 801831366 352884959 145284666 633795372 914074332 612243081 315749253 389941165 165934872 475598895 603656489 550298244 316674697 721831733 604415074 996887364 762484737 433603316 221837308 14908579 605467763 254745491 3366022 648601142 55532939 676958633 927916655 628373499 661132314 249129632 14579908 218261957 419144600 574746097 247722424 896220638 221001788 636607850 406880159 656232533 662996784 235683318 876348921 434138005 659606772 333717938 867848178 837362899 379041613
99
398283425 425928728 927008632 495864366 853867914 481914458 38091455 613362533 589463543 361856462 87634204 843898260 217295584 54861101 876097911 503577725 695312501 581638210 882415076 961686691 216119169 303482557 172340826 801978932 994280956 384514442 406562671 437339793 5960930 887639653 595376319 432487081 411000256 988974596 637970067 823638978 378380912 849154804 465543292 796566352 219028519 310780077 947831822 846559307 549191097 320751081 163598336 393963456 588319122 733867741 189913327 990562291 768595998 29265605 748330190 295479279 490613804 802566065 449891279 897836516 739428135 256909533 876899902 72840515 421892793 921198789 480486551 624598700 983935446 937654942 159165857 247180958 924025695 413256083 596881567 509770299 630950395 225354675 602184487 952152011 209779925 142251029 143924276 100077632 164291990 340491988 961834118 705266682 110239968 956813425 540040093 374631368 92321752 866454300 844388481 894483257 555442437 106842277 460497
98
937455463 170925206 681064303 784742016 106602219 994591794 955286597 578638105 349794359 476995070 376267684 765256204 401117747 212786148 854398262 826275236 313821811 507022310 714779635 624015165 909425701 557950793 844821663 816957206 76854852 288251081 478670581 859062413 719212776 72528836 981098223 26199420 225903502 400708699 588052996 24638078 181119614 347134910 11500479 912472701 379029416 25842929 817670928 811060248 106857953 690443111 764426222 764969555 763694799 390725541 595069645 658632611 557149810 993738712 574472697 543270876 414090845 879191240 238263495 808599831 171898508 565025294 353519597 880302669 548120577 433676091 9430812 932531139 858904332 869676447 991843708 24261084 607746044 553699991 617638332 33890677 372868499 123223920 187944423 866807653 183113524 482822324 926510917 554877622 990397993 182776730 205606186 289021237 949813241 15913908 299775782 341031736 402589528 216343504 338667751 977268707 56350764 451856607
99
312731341 625088007 712581769 568456024 554814074 317328020 108117957 90823563 177153846 694046091 879266383 792600476 584518567 940836386 116252981 816362258 582639894 239776167 640254106 346621602 933552353 937796382 196567758 634584729 733207775 223286879 758307810 802214349 102701498 266727812 541668584 340433849 722097286 496870955 8951005 443411342 698162230 701489156 660291404 219313389 176046583 350807399 832586045 559236407 234603502 607771154 988859858 791476556 129708657 151218381 359595258 187426135 899596937 114917530 153186843 411890650 160725604 697328344 902222842 455131294 711413436 248931168 11518190 585842296 64919338 778835999 757566699 532906565 748238416 882214562 27734466 508484250 427237290 279307260 969560281 973433943 989532331 476677010 649643386 127177959 409912166 876819335 635476088 690939606 225905168 277582613 415267600 994091118 999591989 66971476 951404917 90552915 983919656 60052727 726695525 872047133 982980287 498936446 736362600
100
174516200 28345684 200872280 531293049 464963039 464558756 373793877 181778311 262269638 535239134 11213744 323334453 631222672 654380409 101088277 374004439 503995945 656150225 128529153 43762612 954424144 500819354 934891498 453648770 382078678 185338309 658300337 940950038 578285953 79172059 916869316 23669689 541701685 799762762 492005429 11734676 396054301 79969003 119349226 468695441 148391960 243291044 113042105 656630153 75450440 957779631 138485290 994178026 648079555 457782402 141215026 82363706 417021330 118856953 224020159 778014752 920843570 710887121 933834183 100337567 144298581 653012871 221802380 437190669 730717606 583221183 626623427 65976749 251680201 453906230 202471596 134148894 899441055 447685133 302753513 674258533 146955829 717412407 707349849 765104978 504195544 784707129 426678375 926148135 624777370 107447021 905877784 572792601 660263286 711864414 534627051 612311297 159174352 421653800 411341507 909225173 734527570 334661922 304797748 766441669
98
539935879 690855205 824284720 754497775 808610223 371822797 455424464 823442435 74699026 138913078 39958487 560102220 472958318 955410503 769902837 788572542 20206602 807748723 880127768 239768057 644218673 423078876 510872304 261142811 876899368 876218584 285969990 127786733 725985610 820939711 662485364 631687744 209865665 337727833 159580855 407229264 553159316 518180786 859593346 995926894 114097214 93005905 800305497 243221543 650306260 792521406 341944268 445938133 666547045 941931424 455750457 1422423 70754241 957796551 15913074 19690359 878697097 649640204 377148322 731220202 253764472 935186191 623183743 857018666 985467272 158057369 300721396 424795198 710864826 579535023 252231568 755687015 499754278 192635916 824694797 598055568 856319782 462795077 301638739 470488568 124221133 981129685 861552153 697977229 414145870 601429989 970154344 338523948 811193600 802486767 189657626 862478319 446394914 629788670 385099406 129976345 877696493 439881545
99
98781319 741731820 90374740 489705600 479033510 859332228 334831299 520432084 105617428 742238150 393936615 377757434 391344767 237397167 185925633 282366805 454412005 409507027 489942158 409493226 43554057 559638696 234521025 378827612 592946558 701662764 187754698 737178257 91946867 118819733 52726843 796296303 687738834 565165973 11108313 856192669 58635196 24525601 598319616 735269251 906702632 641437778 673017317 233238830 221512027 740446413 897276491 733294365 598323669 29555929 672093991 395994059 230476192 133583266 601357136 240481636 372757000 336283985 969297186 595444438 152424412 321170874 690492349 983304966 673438146 127773407 238141152 221469001 656231629 907521 95187066 92231601 143806421 425600105 869187150 810911783 562337756 555375851 753156046 744860391 319688358 489748666 66294444 51482095 368191559 742767739 361932685 707588510 168805551 439069104 604096017 323541047 350155555 534026742 125017425 198770373 378728715 274648001 625411617
98
649627203 138196290 424387673 365563136 763290351 398003851 824770435 34912053 565547784 574051026 325035953 494692028 229330919 456836821 460394272 813578182 205273236 291630631 552021364 91037877 852821350 584344146 842873760 340200078 594474727 567016361 395584101 465327912 26375662 457593947 144199117 455087724 622281044 718987148 594353113 252498779 691066032 333180061 714617060 286852952 844325212 645364474 680579926 753791681 324687128 502243293 223400311 167220997 211183907 654964248 29250942 789829710 759663527 947190807 525425452 881390113 124023904 528305544 143863891 411775749 760373881 940370879 345857874 152229491 47869301 992945517 911511505 16161448 931925974 864196653 721668065 996487484 893518831 103307794 622646731 202926726 802772463 846088913 916660873 903282050 898653352 211218946 604736852 86194591 66951496 71888904 718048692 613267144 25911962 638739287 377987874 360013405 564023546 22804024 717657445 828035225 428545864 768264765
98
640433959 132824360 615624439 473238020 35703084 753857637 538409234 864384988 13344562 400400404 930352174 863694941 83871501 675944868 330403277 665883155 22704921 140992435 40654936 330197570 325735264 841908094 239390609 279770989 460076663 707705546 81679176 120374348 344835184 397290359 236516969 800793869 521312435 483815527 694414664 912533047 861953332 210682936 205281718 362397818 884889768 907758420 880560947 701690100 163297396 491747152 882699629 435421822 685576923 98159434 953884577 882360570 648681103 770385620 450934183 475758519 217030240 235771964 334272891 298164782 42387725 55872670 690200249 986405360 958578161 754164368 346354354 333684664 932576155 86234984 900107423 717528485 416004220 199037802 204687490 582626197 900549886 496325785 598129184 586740245 790683281 96048622 27257190 411340007 69173667 98520241 759697542 751930505 632587847 84406204 280603527 445383425 389164885 551810938 265652336 955414174 260217309 555764232
99
223759799 116313806 241075733 871677386 378373208 493934623 872547063 853623853 848401078 591285627 638224059 463107153 227006093 583766915 992140522 670990080 544868912 63105041 973318261 982242589 139001960 937335633 72441418 218610698 740172347 605699687 624057965 76860634 644883227 121488022 612632687 635244779 106801597 263567136 453118801 650821985 704551676 85557328 957056523 109912267 218054610 170179100 622510777 446320421 755611340 613012619 436353498 519853169 798903252 667660250 495405456 75755324 248087691 869190672 738193376 633521498 692724917 548025485 914275601 719508862 621777674 434568262 169369981 422295781 231586352 578550580 629944202 291093573 562797817 319083738 42164689 119174126 775790278 835981531 211097708 585052059 203802575 567461727 904921780 12811703 70245025 427733048 725346193 323554596 234587103 999297136 919391089 716267804 231488096 765223071 349837337 998588045 180221128 139844133 797002548 159970517 839994183 811271617 59954169
100
539157472 717976951 336324292 573326966 727043986 765844418 731987635 827346097 763708581 855527002 372742121 164112602 620008424 113962736 623996124 291434401 487624091 140974496 645021112 818658147 768453701 820082589 223544845 903387317 898030383 755249744 633419267 364188983 39159904 739431294 925960781 241795276 179516465 262579226 974032617 434125428 751669698 390549347 746964341 835688198 196230567 710366723 494023345 582402735 872993910 135391812 609582767 320152735 671498076 208306803 339019022 308477126 808126726 707173865 308048917 94370150 454946269 186648647 608055175 534168261 972824005 24400739 792266911 686384465 829306179 566214473 670093533 160824965 224204280 766886923 324559344 416593795 939184825 606693029 671144177 790719370 567640203 943366111 793980322 966158521 98510645 42893364 926638513 407615200 646057215 81958523 450684282 393334906 268833945 354334280 120764085 58352342 263258848 74089682 497474135 407902842 484516873 777484233 128223441 704817245
97
569990999 361036407 289615237 355868926 810115454 914989954 857284340 173191202 81675986 669071568 296156074 195628260 310685652 184536172 771480685 508691624 471974816 217946673 21764215 874511981 644612007 495408430 615354155 629788224 252742758 389311066 716542944 906461431 639663020 58118237 64815017 405698704 757822620 712276919 581934979 669434057 222036826 402645261 944790203 798937221 236213032 826149737 23125500 477778500 564593049 549348959 826285613 862092118 755114070 131428468 764005458 289623598 462610112 288310988 958459276 286780637 606132363 996968153 311314801 946492949 312592624 781058921 904730806 725364130 373154224 567223605 592548854 631866659 444321603 518802409 627663509 648770484 252778929 229432267 223562143 804982578 188041266 280289641 53577259 468032942 524629989 211404502 364100296 845520284 879440257 547185093 10962996 188224593 470538363 935768197 842327344 61173890 329019924 481354172 313254450 100474685 896855770
98
58039772 731364202 888863746 351995568 403587558 308349674 25244542 990705604 192021246 637382405 84947214 908623948 821568728 597262627 575352597 287341731 489398611 199555808 570580886 557885467 760329267 38771242 279955150 437021481 123720558 546378265 214944662 432064128 704388272 496146595 201674701 700750158 695415298 219163634 747675481 475782145 159725386 147584772 794696173 914317560 568766005 681214737 780208425 535839798 252702687 684069599 70398461 177325381 321002571 680992275 275095949 68166075 793639043 806564212 891279728 998843290 976801234 407362028 975082115 230006741 492057103 546945378 274065591 543608209 87014643 733178366 812908090 459252686 849901948 317490568 824087195 242530825 382217770 808623317 141366534 184638802 317583900 233874349 221297056 157916657 296397519 616441693 852537424 342618917 874451322 514007608 273153789 101352683 224595686 68894523 411304380 632145678 361980336 514692917 413958841 923475884 213202344 753764797
99
286998237 275418042 410097434 47678064 885023114 579925401 940801919 587769543 266331794 656989550 213557067 956192665 656437685 67909337 284134206 86294574 958008621 920039063 302987643 863470181 908167722 169645694 559991018 657913712 492833240 620983235 588395758 456210620 368296037 242621633 802170084 967226905 136959099 734302830 310771214 340554886 534166565 721444484 927972050 270522177 889549850 734302623 709405279 863926003 190738565 139437936 323812203 754004959 693618785 419580175 84032253 189659734 291130896 450902373 767696001 338944770 704008673 168811027 501922975 600727617 600070199 109397109 997406961 577818996 233001799 803616047 752086967 103098546 792360729 758995039 706280291 862905796 962474555 679681828 283415571 995433288 317687885 57941492 107186873 525621836 931606802 490373590 329467599 297461194 671009632 673806367 129590816 920706753 567840258 790341596 497600177 148316617 722092627 554204508 40764739 247372516 977199144 954052470 98143327
97
79714021 922563713 610220394 488114106 900634323 134039170 197256728 452039670 764577064 954997813 525528430 869664667 630523777 337367343 383407986 658650616 731094624 101635560 724543072 127212669 975842285 542933014 69632703 44632703 74071647 346632316 785432650 469820358 106720073 5231368 319862992 980291660 646407724 737655578 493294289 971414034 592560922 167439347 982923399 288590757 312967313 33536320 854266850 372832984 787114429 83005989 314784425 430991288 639122639 662114558 226692304 21673709 159256287 370024262 552217979 370837232 6438269 545110997 913030987 721757574 668630607 606140342 322631158 87124016 887701721 519674401 237405320 400747358 433385722 815543310 111759062 727898484 77261090 541665301 144958732 108944039 305695924 213831594 812177996 104190701 557913746 594882734 814433517 805871742 888524170 259599272 350924121 622210502 260047 60805402 431837929 53245448 970054752 43795554 152062519 471738660 10991887
100
135445747 481190447 419903350 35766138 659582883 377138383 523116493 945970549 328574701 52854253 429820816 21569693 289823271 93577398 502451538 538111632 603142227 502147444 274626815 323642472 276481033 415083929 396940182 872579837 670389602 884714125 592851051 151383253 223921768 13074957 820021914 728707546 9181266 207412488 275634848 568139919 327455723 333346308 828574732 177393155 760256044 666354647 517976862 571816845 580871332 740364316 950408438 463308779 104822021 671830250 650520115 992399688 264441030 536151190 38858612 148745535 938113608 397429217 768934163 734684721 800975169 494775985 548569333 379618635 972110366 961781758 177153190 911039161 970389440 480114948 239378523 444757394 225746150 719622978 400820192 921349490 915642779 388309822 584751423 59616993 658483923 446842461 473840134 996725416 78652835 513280163 60669401 830865970 430432366 800389440 473606678 957291035 917409040 884021743 870038721 243008844 840675410 112548861 908178491 506008694
98
22377931 634780887 538380075 192559256 194550934 31690889 302187513 555352845 806743721 305318108 897590537 508441584 894585889 70296260 903278632 786984142 290744301 212733271 311474250 240680451 778008637 684886164 187075006 312997708 435296507 238359143 508034777 220404121 958629885 702084155 554832908 912519651 293547427 425435293 220793744 823562633 295522925 267109665 667414193 320790406 812489583 239478605 817302847 730040983 166483750 483088932 51632455 426383068 46397290 261628626 883431947 960352188 127157625 199442878 277410966 762242251 892453690 18101864 826985130 254895023 215996357 58757489 167690992 893184775 261252316 590394893 84574536 383322347 139270501 851828045 745865661 51283111 820665614 326954657 569996906 202611369 701640381 411314908 520921907 687802874 76168637 965522608 586910200 523662934 1053800 377286012 343894302 472376612 476623684 169239417 799031381 630384862 215691478 332465623 862623892 998686526 44389410 650796019
100
510896602 515541599 293077259 19332623 776949379 75562544 850057001 255671783 743828676 511046586 175705464 796748086 401781960 491008649 727371740 197778945 581460435 328060540 717774274 344852946 154111355 877271424 98331087 657846794 226167008 565542924 313023208 76097369 912190405 799286232 96887642 74792814 833986717 130670772 108847805 645745242 36628111 890629067 194925743 852178364 88840372 829934428 702915593 188339448 546110334 293167061 30253808 290423367 749851573 492051626 440805969 483984464 968233481 854639134 140496280 863429717 345502362 507908615 253799536 270032236 978750593 704597798 636981358 733379811 901513530 815097892 695018216 44403177 296074928 453983195 827856351 816914988 63456508 670360000 498625752 963927562 330760797 890525813 823566657 703880051 323863437 46814473 539831265 865187767 461829891 648025650 100417443 155880196 586301440 353705368 407766982 551829445 861534271 174763887 530895697 10460857 644122758 782781522 490046824 673689484
100
607282443 222688871 914738355 971888155 514439688 618189148 445108107 436429691 929477750 493762173 163395796 733050532 6127831 837763963 669998090 142741804 170966241 398424019 972916629 290522991 349264744 40463098 155259196 939425401 535714084 551172533 587497030 393640944 902528250 921413172 40471485 411908487 259705991 651150993 40015631 815807524 77296606 798654768 485607233 658138737 924844115 609325752 14154866 239364962 432762731 199885378 738593360 897061858 614350040 952038634 732879606 351953871 573277705 124202921 928158107 208806176 907178230 158479598 526716924 420357904 975350479 830207146 920700749 683171771 441797360 158056805 17189515 541289316 694269918 458373833 120500348 697946744 837524843 246831559 995475052 269799994 2842579 929941233 13491018 707030639 129728337 454525866 411832510 172769256 905729142 224963799 835159813 722598079 457829848 231020643 609595343 908615077 483128604 14791702 846497828 283469110 492282341 111366008 714182150 42726601
98
430064085 579750024 204749006 463957252 776260469 829944719 18988527 257390999 585285012 935520359 474946448 131260686 140162972 178762880 427098594 667071433 166229483 125106283 271122800 636934619 636672009 963304342 81941263 227596757 792623876 323644963 413106278 852818891 700616923 45548729 211232760 844041678 183066338 871864262 121524851 295632051 434490099 936585156 543449435 264510846 119259273 144905172 173481819 409813561 277942155 98299252 116541163 975368748 852257636 866736922 119187796 154970269 393761798 700451102 50460814 922694201 999130182 974572313 795126722 908569338 429821318 623893336 930517706 752860653 516674365 455254758 988373722 233855981 849115476 730703664 605596137 400939203 693220847 434930963 60149199 173039776 404467263 941788851 588827655 813489709 679194004 575774117 415025747 268528337 381924616 711931541 790369258 588927092 151470478 847037420 944026315 242597563 344102022 952312734 969417956 854198822 201417567 151361264
97
810229648 123826937 704768861 228722626 363064906 700308067 863608256 267586066 286347066 329012384 22126971 250308174 170812127 875145295 666895924 269725263 743955304 794086251 135721153 896260349 831507209 974198068 337526809 446004574 682477796 443333422 909147677 302839440 583139585 367960555 768126163 648150082 402772268 555069226 752505079 686486405 986298913 451247421 116459396 145031074 917861636 824525767 175939153 171320403 138819022 988062401 609708713 228132940 761314059 258196735 67188659 134791007 810430558 194563602 567614022 615246938 672128669 449041741 608590060 786962343 226710422 589717915 720133586 907993901 541013665 985619808 959473159 643988055 80272554 420147636 815761628 754901242 741438078 835764177 167042477 488928972 203216369 757473549 610765146 626603402 104048117 981206009 975451387 547505706 914760376 9732707 776528794 264659899 570086612 902536122 490177649 811425352 464244449 663924336 91434902 589595983 510106554
97
919963487 75337459 569987026 603249865 126867619 778262589 766238688 446559006 709726013 538634776 283677486 693784897 472526603 698543947 323804873 515204834 895310306 158234327 482220527 858035832 586277996 902371550 729821079 745526169 242824629 803006446 141801394 373175580 744306437 206528110 700388713 977206195 980301234 816061229 987650261 59724749 687205831 824850772 823621332 294420072 228026253 751461596 886377859 54380906 470459514 336122537 289310281 862160887 705044866 331328060 639082097 649651176 527398200 109878010 103704558 50100123 480615922 791257881 277302520 809690366 871725116 12233499 280512542 158400177 914968728 154351140 79719136 820601147 620078972 904841314 578151864 224072441 460771953 770140936 612447363 674666706 160982316 179465836 134763245 697276235 794336539 414735498 236289130 789323581 181790183 928284942 854494667 75043258 587096770 57365009 231417238 269006741 198976108 251010785 717570373 539769454 300287734
97
238323215 677579438 27980922 740838798 519495700 964981625 221006395 808455856 642432885 544422152 686765411 539524222 248456466 537934188 839796457 175820081 624617684 650847950 874557404 662165907 657158505 898376994 487086766 732814682 16434263 511733706 893669406 112546326 471047744 450169788 973478839 295838548 779511040 212551309 151263659 688150074 254067778 75467709 909918400 613167541 720229287 918012852 993204972 394113037 931281307 189185461 932709000 953341367 696453444 543318433 122200065 924718045 453746388 727522354 912601317 533355528 958573837 369516458 870990731 913525573 190199085 559575860 366047835 692184306 793369430 781804004 593499702 990120653 249045498 772466165 996166257 674359792 834563566 502862481 532872064 815597029 469143213 61764027 469232521 925016868 452351525 107518561 48132516 361463831 403921395 247936869 610426346 347764695 699519487 77820411 906093597 283786720 260572549 490717838 993280204 84448006 319911038
99
876907414 39488292 837358753 387453545 535749729 265780752 99058556 766574129 552097210 628530924 59732765 778445391 675696710 792027214 588652565 992026959 999811540 736212720 315471908 204111662 608631480 353839455 515355366 980282914 69154018 481512532 585361932 626607983 420858934 551962253 699283720 202078158 879045930 349995216 31100283 904158018 325732093 444490533 618462614 328084071 125023141 243696990 223000613 264914189 347660553 284531280 684702806 993783784 927636731 855495971 251302153 845954431 654191062 254980951 214967869 19978728 593243034 678557782 112511883 200935576 83840088 972867307 873655361 917154921 530879053 69202538 254435289 170453452 101342548 888067836 652674684 951035714 163674662 221481200 882811171 66121913 28197274 608460449 990392707 220470071 695046991 609128766 822622623 972994774 425881935 248770320 6093274 122277207 33944975 961991351 183055366 207644774 770933665 714936015 729351025 571043360 122458287 896928361 117802418
97
842331251 737914064 12465001 817907701 85639003 414477125 836993595 205351153 693374140 492841084 639307353 215823536 295357195 471750805 731337036 689954207 229145454 891580674 947992456 267245455 522345513 239291240 586263820 646943474 37794691 255757722 833068710 542060814 836798062 892944986 343100330 512652021 253151922 239373578 900121756 656187323 245780561 26550515 551434522 826733924 342668786 478411927 302570857 491098617 811295600 150002909 407711578 860297898 870358353 837624754 956976198 564443389 892444119 20010819 63631757 150087728 302016078 36782962 834180475 439985156 842281814 590989191 573673439 777741058 141762676 110713244 52916453 590791028 59150973 290950691 461219744 752282260 418511282 514782068 733123247 288065861 430258185 221587584 381781907 79295681 871929005 138797683 613202880 546746019 252976819 89333299 741802867 78760408 281961323 61486331 538232549 160793732 228367011 990308857 970516418 127496405 202348263
98
644033663 375918640 862177435 252960448 581616575 325893237 540409167 114015146 950268179 260381256 219130739 948507003 126643472 900388910 757450003 13566202 149318889 534873001 426224241 133049890 492306574 973658475 522132821 659966472 562444575 698541639 433761044 10531394 928296416 628629996 167471369 990164635 156552138 894442083 569230648 621745547 262533156 395035703 779905624 777829327 405961204 944605120 323470108 393113818 306322818 38578191 343556642 76920589 876790203 716036429 959690674 251315209 714804029 428063060 932625784 324857574 250640873 399558648 642638378 432502183 651973109 413480074 302808274 311152033 751623387 819981187 523079780 659444964 151927800 83389866 919527657 104342977 56778258 900612172 469827278 435973143 40072123 450427477 474336538 385283288 467798657 45160702 602926116 458308607 159953820 110284665 957233908 135328825 565662550 558839001 757157871 696341900 48671719 897097169 512222171 107348857 822655256 642392638
99
940525962 969730089 256363426 15242941 973053868 746174133 589973405 726085601 656737804 608440973 114943832 488818040 196588892 871201132 668027324 155439423 170170812 547181228 270798644 316456453 685827504 123058514 59753799 773420364 989910963 353787360 509089391 915983559 730088487 948672167 461708427 630598160 528317085 452871259 143048882 356659922 646141987 144675321 453145127 434214465 209488277 660505241 258861745 932705176 948110610 997297567 842025869 759141422 785325779 247542196 451819788 557874619 259208643 598390147 407276068 233716275 306803423 665991773 149486017 296071851 74094592 112887723 408034309 18211408 421605412 501272785 622589830 994801574 84564194 827483574 118182973 67814909 153078956 418795383 877374117 603539666 20927090 515549014 339779480 918013698 584349889 953964627 546062461 263275227 900918285 742391593 681919319 822178850 250908535 602698910 491403559 856712364 846172294 597877360 224257660 934709296 33215749 986132679 952238805
97
255127979 562011093 505219091 930446696 352938690 761904905 657106385 733406846 872927733 30865978 204736528 191183278 583166601 792160317 753763883 308110349 502604167 394235247 348746478 368151365 926888612 587514236 893893701 685276699 975757514 637939580 285514879 81296946 348236976 807944617 56674751 842040682 660593303 208706889 261520231 581629696 419412850 851650351 812876834 520270428 396036537 236628026 113341699 482761039 201101400 308606970 984972724 51834535 68908031 424348779 211629360 115806976 358979890 337063172 23926379 330506647 816060917 186814893 995799636 446671306 514442942 388276487 243979645 844950033 626992486 114215917 540714668 219416867 150439191 306236716 452523975 505493825 979456253 781929290 828284749 483486479 86352447 275434759 194160953 792090783 55434496 398337981 374745457 250118061 654867306 634370651 179373799 290424746 415975472 483706013 189754969 77106968 653915518 400300937 576912452 24740662 84978331
98
456830384 898436439 637982771 62096403 722044575 785459533 723741170 231045763 143638645 200450717 412618025 414807979 476429862 923112810 505364368 859144718 714842841 829091886 691560462 324240923 293033786 909933432 979223223 709129737 950091495 988560284 439657067 361071516 919851153 114284653 714398888 803837578 467311969 664668499 598749972 273858943 194883781 252967753 652963431 138999354 727354124 882173354 675093581 747705019 412449164 70074388 347997539 370887631 573826860 867802707 404799782 444893803 567577705 776533809 601000181 411315293 596893472 641954720 174659086 849056174 497283445 391508464 770106490 611282723 202237325 273923249 133016468 904431887 593277341 176687832 870825721 609571120 915514884 57486006 575720022 486510927 490027384 143794736 265942032 530780321 104481538 501079784 815822306 880889254 646319084 992193556 708758663 227525635 221707757 119395929 98516017 680909842 38414719 321798426 511558111 391852750 154579688 125249814
98
253851178 487226577 395097424 507002394 886629133 702587921 898226397 502174171 867677087 946949951 167865119 960953218 807719473 388863155 675085138 172669727 485577221 815230976 275352971 65946865 934672121 783396067 430020846 983047526 994543213 347955570 546443168 92791416 215659867 114252241 995766170 518084229 789830683 416406460 916867216 963405933 299635969 600220955 397851533 41465007 64000120 320335109 460624928 752833269 96551407 472987067 577437626 404977952 697425154 333635931 173987129 345511856 10877637 393042016 269227552 811124256 597373739 233140958 897315915 313768216 790462718 354038541 222947042 675124587 487656010 633955091 717084565 72082810 225606365 776582112 270860234 580554204 657456559 160112534 928876682 49593707 76774563 608259046 925157749 424492069 554586687 435376541 8259298 99732408 480263665 709752637 213678311 567948431 140329570 465331698 354412747 630909985 605963758 107126527 832074576 750009217 799705123 31423382
97
574315677 307888968 840732180 331390372 612647094 80766639 77124829 492758949 112972193 362161953 621399716 358857210 983631643 33009433 691874752 164189653 593395595 871142171 681060869 66715677 787616527 388775269 642834331 46613771 147550849 532892718 361045609 116767875 768350243 350256820 411758605 424717764 965717711 628530662 767658189 548126458 483074332 675476950 471471221 932115442 37135534 117715126 22564159 11407429 895375740 531548794 943581194 33348456 363323363 790537577 493980970 767694344 987259495 595476569 508040330 399147546 722347212 50127510 811582620 256628598 120756581 731860940 201476317 621853923 256864376 569174922 838739179 872991143 255157982 352012260 744678882 334840359 870209632 261531177 306219942 621822674 191219736 830601089 490938073 885748232 278775118 409178885 634603891 657691838 8097353 978310084 706994777 328708760 758320717 390649266 322541056 640631116 980320336 396058269 408167886 61889203 759372610
97
792913920 963818965 582078327 999810491 658797471 190924042 309497976 509371382 809781961 380419394 953466736 498888169 785914177 673784831 174081878 897328463 494217222 403781489 623555896 134524735 150884390 42902730 151950973 512657470 48910649 940174586 762438727 760292934 681529348 483125605 144179932 615753453 812381776 664041967 302844754 865832331 453591632 491085305 463929687 910108017 40700601 687897599 446940731 946228956 372349785 642210423 63998648 213726593 421741898 452115239 878044291 237074400 506980437 749342377 893145862 203436193 584496807 597646672 698771148 717750069 283023085 95398086 366746218 775249294 131018696 675639449 8829643 748815008 398841420 400497902 618339167 868361120 987774238 304642536 397976996 39538923 469280323 788418609 408416848 293089043 37592307 750061821 453406206 712974162 57712218 373615368 592547282 563618103 919712380 47814113 814337543 113124092 389219882 330710454 383453382 751185596 546077508
97
885921589 605306124 267586394 495820235 590675602 122674244 554675162 681662998 260283856 801789261 951635763 65919891 289290802 838891903 394952318 958661038 487796221 216248040 19197027 112950400 826797853 735569506 502971171 300323476 669472224 421684244 782016561 72825818 249445954 705270338 792130041 512468043 952628019 617701483 60750616 464265008 79369188 854981783 942588250 653383840 638422219 855360772 821222979 228811077 352826505 955620542 16677134 364283940 700511564 669418939 483900018 697501967 549092572 452524546 992189697 912309920 14109815 472824196 817447419 103847039 834087715 399494062 377395449 498158036 997622708 901157480 589502166 152853382 495085455 946597141 854654895 104379933 320392273 307536289 179396880 740659040 743270244 556535130 774783878 683238436 312688980 129807150 724428428 377074809 814159078 401635341 320075777 735412982 595760624 661130509 201976713 566207153 674219878 313156215 101484233 606647043 11979858
99
479055877 303771378 16262431 277240306 683218566 229754486 607724431 749342850 19936538 832011656 74934397 100746066 272872776 705407992 546406074 224677857 325321807 690612466 781417980 176088354 112553080 929469705 501704009 411024288 625180420 743041299 393571070 291130438 361556812 26884939 326102570 842683341 397621102 481833930 992963868 981593064 421060133 338520987 183097977 882447087 623740973 629877656 754034894 2792175 813766073 331694486 793080255 814309162 590778516 841735108 394203753 828227965 69983521 434157782 259600738 774942078 981122185 785273812 906968054 222120373 640134084 607708693 153227685 697788560 623860804 990053924 294234065 966679903 414404860 400309742 145650386 465140075 217254309 309109478 608835643 653538041 621752722 596250191 790639161 626757730 348779416 962569689 711819713 648199375 357248832 74883087 400673625 200877303 622940445 604917714 359623205 993807168 434475029 923524697 767611648 301394867 47221034 917709163 380880793
100
901162936 678637069 668947161 220317895 795790395 118335502 603336157 777731519 639049161 580961522 116418634 29167507 135772556 558832304 370267208 72581985 715306382 570342906 696153050 145964295 808435663 321969145 80896627 589258782 317560995 13569513 643852010 426402021 285125855 534450813 420562920 240378528 100511954 497315239 392459008 695191753 329012402 263632579 451390166 335149940 29217475 223468511 595449985 461498690 475769030 215748589 470374765 46970104 637140630 296130059 598748917 64667416 207232797 186430290 19891363 628386562 542096507 791627869 281516966 365610347 802839464 668270548 578112057 537056161 92456490 89296906 216121857 254188164 513202388 679726387 89688634 711995691 332791157 635121954 822512779 15910967 173370240 130169047 236579476 266048556 422257489 613387241 695510004 231620207 975327797 778213725 389250044 486665199 266062724 339274843 887271845 863661057 368551863 599830882 249231718 670145430 589991354 521248785 524468386 7261005
99
186817093 699909099 865631820 120874997 684684399 198216374 88891472 816414418 441952429 854129770 555994765 391170578 515679848 581185382 689000229 113592975 393168208 5820247 400128058 275259414 700426791 741942775 583088309 548911491 593878709 651928918 624861463 657563461 168717915 449106565 604290012 618222853 603388157 189728848 621060061 511901769 184883042 565914215 372504448 721612215 909105204 618895364 839719103 515892024 4970061 390451224 684365936 997551011 117549815 212262159 736251697 113971297 429872504 129429231 396809698 59345721 542153395 7453127 842005525 580051008 330143441 630194520 931900180 213763365 994740644 171749647 646276949 466339043 32043653 46564308 765616041 713690240 655273363 302395370 753627164 337381876 586670729 609129722 28353952 239210231 820081379 221600576 913380821 613306106 684173503 345571715 668385388 324991618 718686986 42962434 374002867 383283443 694274101 720967615 758639725 513858549 418790614 341844615 496200242
100
695932653 38717295 259362275 335972467 335326398 533346476 377222601 962290426 573759637 16525608 758266261 778051500 954088914 492269281 106952072 275766849 161393525 308028856 638138126 227268870 447156246 317778159 299676446 968017776 422196246 503827171 923946864 10717018 777726846 248107649 42729225 299538174 629443315 924811408 254232213 96993185 583912355 573106089 41271142 515029495 904349348 880623045 34654342 142536480 151207554 794632782 361932456 147615421 269836274 209570046 793047974 835218323 317484072 572676698 475961271 858846173 439376293 21453330 479015013 3411044 563030552 463882145 305282312 113817532 481036133 146285607 795202965 661797343 468704041 734646946 400388588 879239300 92847852 304699604 542446244 160287220 985530525 585542404 112434589 71025872 993940799 526785656 661258411 590048582 771743268 569519143 150714273 363714496 66169691 414690512 424556825 654592542 132140721 771266980 781719386 403307259 619266275 299307373 212052267 127696726
97
612955495 293615560 768051998 842059297 93637448 450989681 496056684 126704697 691428831 632512814 634812665 948272586 284678785 92869731 690331715 893092076 457515150 655496475 783111741 825402900 140652808 104013834 612491122 950756755 786317643 747296937 629267091 248848664 406198446 19467893 30506817 518331553 181577392 793414579 397896039 498788150 176366727 239142625 551006502 764001983 641458083 120249485 492815460 463355340 394990881 381030056 177702611 62642473 142262286 404709777 794848038 806553695 954762546 416127525 358590159 504965798 456125768 656022139 344752979 873607277 716336128 169158542 390531092 881925414 863868497 175135950 793186484 514283887 133978929 464139773 906973336 478237917 160775266 648373420 776751929 920701218 125369592 730652517 256941929 37343382 160443655 940560850 113371235 554216909 328068518 115883459 273178886 53341932 691977868 264326725 649581523 52619878 205738336 239912915 876280083 766022149 167677412
97
739386620 325724759 360741005 801195287 375888962 163568456 48226375 639715406 669483616 942748209 456346514 353092574 464722217 584966637 187358292 505493239 955470591 155426313 835978593 34915372 824157632 336862888 134093179 870584270 322642325 797858704 658433715 123229055 406198476 633150273 752995460 69561640 969003408 544511076 966121852 633848513 184361807 829034681 181685865 887639825 584515458 16731904 752105859 886647429 285077011 398483043 190633831 210899093 769355855 64962359 764991138 709829210 770222208 294213785 347630713 657802436 279543032 943924216 670841907 515437476 394471441 280180002 149235626 729598766 546296104 506942522 628153699 984424773 18349803 732012804 754650374 669445896 850731355 550668866 313976774 680829005 769165717 739679162 41968919 479780898 702474407 173030130 251385203 380072967 386021644 264149533 327857552 466952609 680764943 750863049 869091984 760630189 707566272 484802881 401272609 735429821 572158264
99
610906383 536520014 383735831 931420984 859264389 935668736 791962344 801067836 506937697 842642816 392927937 649393070 207674602 763225071 950823995 874758926 566023423 927443587 886019684 602965809 50941853 905614832 740937034 399230336 568934714 976509391 44463477 840560187 618033988 478443118 515368141 688816596 628172197 881320057 908390288 971226433 750267006 968422345 357624721 63110689 282259802 450838871 516492456 227777772 206363693 281812701 281058465 869757225 369806276 274712305 672071860 611846769 980112960 786828331 989504127 188921785 246221912 391224685 122093227 900544181 890321624 556683011 732543325 49852831 353681437 875857924 920163891 222894059 701281481 658697992 818696477 428747407 401269031 787823877 472183567 760789758 255411137 991459075 796127444 954710260 476569842 479197039 838449875 490255913 374448885 784988973 706765985 918162328 653504526 140960410 158536227 718447820 636948952 695026233 968256514 669214252 698674523 384346378 27848916
97
280488189 816673198 26693360 115925808 107795535 291086376 166520175 658659590 705213233 423192313 913804433 925801205 61086616 160253752 27667006 659830803 444562602 757260894 518783059 647688454 425123693 538437638 620230214 586325072 685964270 283690013 516152726 908531982 191883725 805882274 873345427 797279338 395596550 118979966 699921289 494959427 113108422 327779629 993794028 118397806 961201558 974406591 283489508 577081424 523824791 913255341 6967583 373298156 362248894 206027807 236895835 129968784 923484721 750917088 965577081 883400449 917911888 253247372 765860121 19842226 138974273 875534314 434576079 200279216 716463330 834194316 37001011 664113122 761427154 979689580 247273759 723831889 339199058 651166408 779824133 537440760 65874744 38004280 208899337 138603019 223909246 13360748 615637238 521667356 816254883 813365057 65908287 706090342 181773483 570643456 455549639 344099126 568335507 371478814 524727694 432440947 419272865
98
788485113 471721523 43542803 240689070 370779312 83900735 8278300 764116076 479908078 847819107 456912477 89556287 751354859 83575695 86218127 801865887 688900010 592163633 724948648 945119461 263669731 106126336 214006638 899989357 94229602 462163962 15620879 609210314 1733810 137313457 100480092 333781356 169985983 501855706 56776141 981905658 581847279 195423588 413119457 466847639 222734208 17811802 120613407 732417652 436121474 901557371 846638748 700587409 940340118 379558408 838246049 797947934 306222940 551445957 934023146 57962507 857577586 609513266 90974707 397574818 710929073 29263553 240435028 524896951 77711140 5313464 434080247 703636700 764003203 482464434 613181547 437883709 643419387 361166920 594999455 211968954 876404199 555562209 227527369 62038454 399480408 49088328 161493804 613200015 481510711 812210540 994401666 55413169 557393833 281241167 297168155 527006177 701703193 494543401 189671561 16617483 911657426 125547438
99
262740749 91027467 345889315 674067108 851239100 995046001 691579686 425288373 756098598 334521846 753638713 557057345 120914144 549612807 326849367 928287686 800716062 775399546 651877172 148388794 226668879 813793587 666672331 616075694 218632137 26704863 888104769 601125256 417905969 99756870 27947841 845890477 599342591 135021206 511776421 876665414 182016573 905514014 499335332 456279537 119715920 252009198 718375615 217574196 457428251 93468466 383482572 125175293 40647273 864765683 455738382 324311633 306549409 114083617 687593588 528797114 861110743 34472552 15753725 808155470 561885148 645353395 269516404 242644782 116025389 846485367 309531603 465949753 531360276 665827627 757041446 706201790 557230244 900988796 49527471 889617562 773881459 528426431 675871948 983918017 282737981 118508720 457461992 119924140 434607527 283367203 566564815 950818431 36070794 370713750 386323932 79686415 961281055 417086826 608085888 503013737 663633881 202249235 62098497
100
913982560 156941298 94918746 523295032 839343553 244228069 842617086 762266915 948169465 328811785 910590416 933768693 929556985 197314768 64223061 459533880 403256054 516705608 24942757 266199615 782162531 460347705 235060513 157505737 587090611 874272651 748823151 825314741 19979696 759062818 650640047 104748000 701462054 741374556 658345294 965955270 445705163 827160736 435476938 472295882 146627851 540663617 274361867 931245460 102852160 663852051 262541925 790347028 176416396 47029579 911768798 255881321 335562496 834071758 310134362 818218296 263264761 332833029 615314952 978518772 742409014 529663876 213005152 103005485 665924223 605557330 640821034 381231270 206999543 249895154 846576884 806534046 904404841 236569960 96229010 971591606 397544637 119002921 461646141 204733241 180883792 193678171 496204424 488318786 5176228 794109455 105982538 868752462 44932341 210863365 301536588 173178846 965705738 478955277 297353861 741857773 291561578 3361551 630331305 959594326
100
477681354 800966173 913269922 481681429 522279037 475130332 511347056 482700117 28859697 922042193 129171866 976712967 550331857 530956543 626783210 616997429 249241758 629788975 212130720 149812375 465559056 405687011 932751839 794785011 304640046 135333441 948098456 183281310 563334581 336797967 109954483 745731794 18426350 876974987 992885581 187030651 763027614 864922869 324816448 224709625 900418620 389671401 318475210 462765666 905603876 538297541 194789524 165047393 145944572 600324084 31405344 481499134 936272205 330782941 167827721 431531357 450017691 482108985 758246846 519114226 275924031 661239870 350250442 445094618 306495889 164292724 473029221 320019472 572883877 950547092 939604798 277392305 425785435 218950387 443086588 610513724 491646999 911929220 863849484 153027759 46350586 337768650 77969905 941491045 678726727 23532235 460669430 505029951 444289888 213259436 409361461 203627808 889262348 38250519 922190885 835488787 514041426 288569924 685941445 145034192
100
67247810 27473705 57378395 384330425 505841797 836468433 548888141 578302467 38477605 19636457 383052929 901953507 102805403 313407082 568963903 513412063 360347465 878284082 340926337 872487260 573653257 660410258 173777793 958871435 491164155 643075639 225092133 834472839 830022564 555939700 133722993 514411028 870056756 270752392 588242856 451155059 458187984 459143921 695569731 192644373 341482971 369039620 451075758 335053033 739253695 812233699 784491247 697326090 234350544 671087907 511279176 129963283 172617827 768579105 875342343 962066696 781399800 180426981 336967859 232744852 903367733 695394880 426039653 70338709 875946488 838745175 969933938 206702932 922249927 792850544 658174530 210329239 774488013 725781084 680090028 331930311 548392364 447968946 943175730 667759983 903996241 625311396 548420515 413904815 88056483 682811189 736693373 984343924 138850901 783775493 452245351 529593824 903441081 58436053 875019379 343634078 600802296 249890365 136833351 150859742
98
979523270 151976580 469399602 554319231 596187568 578608106 793325784 269292810 543111527 764693559 606895204 943544318 914339536 940935182 873778657 797094197 446336446 725656352 312051166 199321757 738694338 537142836 899745900 783591162 486164643 404141975 569306123 523891712 962188287 978764982 941409044 38775402 906888871 143810298 583652231 995667534 32499515 265490344 973814226 138206699 20530823 338317454 872989272 538157740 679340211 694978322 884607718 639850907 910449768 687609284 333881910 559002710 482952124 183653040 915647153 129106453 775724194 175774828 184219194 614433311 673070513 221092077 450590665 570156441 381957827 378445979 333498185 786059801 316983014 111377640 836868626 905190123 194988262 149972065 699855476 614991643 837267953 12808868 810171870 861388578 929086477 640883575 975675398 939183054 226285027 751305126 139293180 999891644 958972854 791501665 971437758 443899061 283827701 899181408 702350729 705784181 394361126 241232334
100
400414219 772396439 148415705 66830104 367970873 967336251 734619692 867906017 736849655 96131991 165591972 764530306 334932217 803478658 284028984 406215675 755197501 653992226 404467997 967529048 882155033 838251670 22420096 95819300 396580647 691234144 524411378 162267566 789948946 744951955 852288939 150826252 921520412 740859121 409453722 871415884 621456208 276444415 167109527 727531434 661381395 985478105 247435587 913513642 796294073 159852738 250663313 931114166 387816941 593289734 959318429 666670329 694985880 131974825 729062417 202008152 820974865 192072194 552919242 30112127 240552896 978784493 267714963 169892983 802100520 757494751 788068829 906174689 290022162 908068235 39285336 746181935 742749912 565458923 109339090 756064540 62374547 275965831 681903764 384993793 936887333 278481486 905626293 95924806 131286559 423639903 215374985 903854463 776182090 156350571 993491673 302117257 807812275 393305952 17057547 61946415 951761509 712766028 189054696 670318962
98
328730357 465926633 344911355 240256965 987969388 497240525 912887613 713961760 792100936 663353357 652385242 582514062 841424054 499655780 633283411 636781228 870051397 660914040 477701938 276963361 752577691 653154696 219800685 541226438 234685936 180052097 404089739 965903792 27416468 741347318 208891134 626013312 719885733 491597582 836241952 382051779 459715636 704628730 11618028 187208891 434310475 600106739 491523186 105809698 144550257 488911303 247226053 366107544 848008838 716199305 946423713 829752637 595727249 560992797 901636457 549113516 247159303 905648927 901101711 820807383 359461131 47174999 771148979 693637823 492640528 245844152 603531498 21942616 757296589 737558749 882353024 693746697 536411833 574532017 439376659 41288064 395133503 739307287 595951447 359124895 269986347 942077109 91470047 20658439 321456042 36178455 719261683 25980352 605896564 697288241 131179348 906390909 251528400 136214364 686448583 127791394 91243161 781909577
99
56274488 928150530 591962170 377791268 439235804 698547966 316860165 486955161 726580002 626431009 362890435 649312734 981527524 955165669 169630765 817506610 346914753 266026047 20324562 118163021 738130525 753482552 219809103 296272649 359487693 691323504 847966996 632412336 495346746 499902595 333253015 486020664 482988810 422560539 915291692 843910366 442857631 769580038 288803750 437064640 514663013 810818563 383333004 14375031 504792970 896495211 464490649 304033535 793122641 707419464 286372589 295425545 160342474 944897127 170209940 257093850 514051252 754619092 802742381 704292590 977426848 204946745 911983180 993525776 676790534 48497446 874688963 171230998 379175683 573653379 680082309 534225679 451612158 736251955 709604218 16801442 36973240 278660592 521324477 459129256 539622334 390266747 798831673 714745567 671275362 576362926 279694723 153605196 878747007 712683704 206838306 385483997 720176660 925500997 912039121 665936347 999034604 749922725 9526217
98
615821074 882183272 652119874 271955044 578939395 324849611 846000596 788896746 672226296 184120844 499417155 165222977 419150840 448101373 714346189 626920058 668325739 722493920 399529812 716332629 530551358 152890134 7231331 458585051 114687946 854493735 33659194 804696075 440983071 593567336 599227610 178140348 75320198 487751252 72300698 539444385 842782369 770079398 752737543 406706895 405634936 284009997 522045036 793106814 19878196 231408427 57710133 836791606 119871797 986290466 591244624 981653058 750712355 289297664 9182216 339632014 963825931 62652744 386113192 386412831 988913184 793187948 195022378 823039584 79125833 327107965 453232278 120282601 171753433 504065186 594278751 180622055 133395185 625080855 52655112 890640657 343217751 900988656 232932978 988425142 570596581 740689802 272352284 167584782 302834392 739549944 310890958 136142825 956570969 410629615 1667465 677980523 66247261 17038982 793870693 36576893 393144355 893586996
100
546844139 745014632 192459991 71231957 69889185 618456939 599500389 801503120 929308665 762308223 4595988 971356724 492802219 611991831 735217483 696388119 509887437 371585932 846486990 377420474 700600401 198098940 302196524 108311851 47496406 119351197 238907513 876323468 249044676 787031694 217393406 204853258 422377908 364959980 962077590 537493175 869285224 90288625 223222251 472283811 257093927 691667750 299549487 875203214 468174195 391776698 470688631 597831706 607092272 184104561 521235405 580599319 933793420 17469985 467256434 199885322 844259384 856914511 193215033 693409137 510882669 12895660 755151967 108340955 462178076 959159424 410532271 276794111 115836730 76183423 994124285 136515207 522106604 659244069 551253750 842708888 917475470 873258044 317415748 941539142 392338771 619728983 196476125 236735482 910146467 378239593 502535932 305478705 687968742 114332698 753392483 721896531 709606871 628730437 732399409 514040316 901327592 296690680 458827451 756214243
99
621189517 731551117 908248696 141006663 467903472 944195533 382173039 520421033 166045906 962006713 98588887 928733973 47677308 922838617 703393657 512858497 11633680 344572048 867545218 123963277 384940675 188948793 738005139 99752668 492748518 632911928 451092103 163096318 740301845 333924586 845801361 968712626 659976637 599897180 790393544 827934621 778906737 463291776 689434129 805749809 362228586 771141920 376385917 266055762 125323241 368058368 274410385 990924035 714160806 311485835 622942275 907016330 927038517 691785189 768089619 21077909 850478424 705640284 804102336 94837112 794687217 386380433 306748733 340264746 549168005 738320835 67606791 894862011 502267430 4231146 464371857 690441650 861074625 91977256 417561931 734538526 916026726 345108420 433476833 482041099 608153474 571861615 744534892 611968678 48840424 384510850 997219061 806156483 161583451 594767018 921584790 291870912 843094814 873313642 911829404 74024180 4790868 426084844 242836384
98
929108815 25066844 901540030 932297947 691772571 55954943 239107802 556417283 422943857 920608361 781723785 858707993 218101763 298166290 22641714 601308592 913350478 391497528 695651211 643149882 992941268 854516477 799761459 844963771 753936723 557608040 163931036 16681083 309212136 118969529 406541488 322575366 655807855 635841573 274774092 584647535 827742421 773351410 293723988 540684313 451938660 795127013 148211448 789323798 112701878 816365139 269993698 730345782 116248955 638200282 197807017 280235941 859289414 71246340 394570452 998588729 654760241 886937802 532955505 257106349 644587610 333365137 440981660 503002958 311433101 69827259 721656954 781049557 655286973 510277185 203690893 1400217 85983095 74336086 725866201 305172836 955039266 183768883 72453828 329573365 241168199 801746659 63911778 869820336 713452693 913073499 255311012 926252199 511530119 473053153 73765294 115684406 564317488 579089274 170815751 967164217 836048936 857134123
100
201944547 245909177 641716539 5847671 347458079 644762946 717765228 842171082 399433146 594238944 582934342 476286493 28319202 557748149 736818388 841675474 329854122 607299636 465255503 879595492 930909849 910269652 526985419 570448974 183652622 372148293 245922596 488938835 525128004 747017721 504144992 872354810 50007453 797878753 450232351 129448387 37232670 31654975 684230065 799647909 912158654 880878714 292877713 982491918 824491042 411117528 738413973 65389858 502458815 256552944 569500920 270190723 369553017 49584429 356841561 909483460 815101346 212499507 123433950 79919596 903704206 595350364 680710887 480712648 119871937 52234041 838820429 89388382 68981462 546455840 598391854 798196357 377924822 391687088 551167450 231398909 5186155 767789641 362569739 229582824 781002317 441101505 574512018 104598891 679481421 547334824 345149138 469351397 965732606 747616736 316020705 537669331 303640586 409185639 520960391 478911553 996888141 899330113 39808782 281014384
99
771353732 400571723 657812752 520450623 353903565 949981748 424375985 260656968 109661724 490049041 310340710 70574726 300218200 124810365 746885940 700622007 743689312 762338352 331505851 502635485 757889048 765440917 251660380 154212193 427940004 553772138 522799465 160768134 973735014 417378334 800274223 938150280 905546005 661579446 497756049 14686756 83571210 938311570 671657961 394852906 569340566 22470972 113945323 861829244 164576265 345578296 953702012 68498164 767585706 553125506 476471100 190251112 604984298 477023092 689235506 546729330 931325834 253417806 556713274 692186106 190100233 369691194 322536940 479334403 711909631 34747685 232993791 764636511 254943771 819045611 661476580 625101851 757019602 886201178 959030032 35551196 777636164 882629156 323570118 848932004 333779136 860181761 675257211 34100033 657757900 270211055 580141917 396878061 456374880 546308519 219262309 873264801 243932158 1282915 517025387 224654069 177455152 390547031 198486781
97
139822273 224517841 242844125 707478425 581741097 279507605 763843119 465122913 935328563 900676420 160522893 728579604 447246979 188973552 409366458 466862779 244773170 338669694 219349668 305950753 440031231 386361817 875054819 772001111 975838360 951982014 883204089 612729280 524652469 576557258 246574995 629352472 765710085 204803944 437177061 404356855 857277610 552990991 630872929 477365626 370472465 53502143 788339212 955717277 632358071 575684821 619708014 565215831 736293870 819035428 284735957 21206413 925753512 91208800 564405917 565147584 55286658 851518802 466702008 328869169 512903458 364202195 207664107 183298811 959824369 776387416 781771382 582252063 328592563 163184911 921538535 610186378 33190477 608572191 356002333 682402106 22573552 173585770 460198781 609901386 77739511 655757154 583824822 610362654 526038462 472972461 55694541 125769667 572625749 692037203 221386565 67824050 534900606 534610177 544063163 554535115 468984013
99
125514181 949718286 217219683 874515773 816457226 357243428 827946939 327041778 36862967 67400798 911875870 6764622 210889791 833768316 220420343 856056609 650617079 13493545 216888942 63251759 746861788 339973088 810049400 591167281 505610670 157054990 265121059 685289977 598641290 673006944 140273229 889425638 842293442 938700676 442279394 567126589 559940416 688102294 836360672 376871833 888498713 73741991 305649205 673023365 909565594 943540206 996940322 277168994 573929799 67016804 183433638 863914532 408530858 573587828 552547794 610232304 846504881 300858784 441779993 173265743 948841866 376440785 893982356 690025081 346582897 85769339 389055208 133180883 260777703 541016091 866727530 509200048 272364997 998898505 650543408 682083840 670023413 159445312 119646001 148726597 905653550 887149698 343727781 624816656 202259540 507145091 841619885 182798664 439478625 979654146 22975673 261016350 751136962 862995750 297773297 895747971 225641652 411779659 131060354
98
719277843 524007846 785718916 355180866 206846861 338679549 947370661 560539068 254245532 116102109 687325530 85078547 92224039 241725951 316482861 153776075 269100022 777061689 116331298 659381625 556097009 699406183 740112438 233092680 30501346 379321067 531519619 396196423 929696304 592764641 28712500 749770919 149321962 657261084 566886819 464432242 959207516 205138635 847086218 336218634 697026681 927320549 52195846 279170234 950869154 35914896 299094100 32646021 600551509 974334363 408443364 590808822 222883118 666165769 180228013 853159076 977243702 620174710 368211195 872927391 937901076 213012192 511114378 696309005 278436388 145060029 848116438 605568401 819534490 353237924 323746851 836447943 277714595 666194010 63045961 728233189 253102385 538652106 286725677 847772903 331577941 899949084 377999928 306875377 590855595 603257337 111030260 811617393 129389615 30998629 948055509 930441532 479451430 279248206 341948160 275449599 487455438 837331034
99
799780539 56376223 626296315 116757571 10946569 92277658 455316507 251040839 923504731 110584165 233841567 8485121 658587464 420045514 716191959 68437010 378964898 886036517 237001782 55994628 337062336 881798513 195075546 269465972 922292371 38578957 276422334 476550415 270834542 977705015 753034175 682157381 150309472 889217247 419814217 814061266 804804911 143764323 216605989 899674641 628250870 41576233 490219115 900406395 547914165 69863226 701637088 672944444 350580500 478001341 352824297 949031179 58792560 416295213 84374624 244352808 381430693 935076430 55235577 505902815 857188955 35621979 307797360 946967054 608232459 789873377 986793514 820748416 313539177 340444165 368522677 386599998 238752628 170018052 36987531 538406287 178286358 586086591 664976929 114470597 676928053 764660916 824067507 364751662 518579980 124743625 664008 442106357 730675800 234504706 365836162 224034224 640528821 847244172 955276759 148789285 897806686 51995626 113377971
98
56914259 930541811 397342211 512966670 311588992 319015753 144070668 293627586 755809900 681740749 603467924 109451833 794409908 298657448 602779531 745365590 625531018 617301981 921166322 49049078 172525328 739991056 28439006 159649219 287435868 267094833 662188576 767376352 85710844 145681095 147623440 849545348 22405605 257415128 355748039 926673710 846933911 527959370 787895093 169646869 395297438 960410419 430979436 669415219 496203995 924023625 60801212 528714013 331250300 322601881 627545588 13310193 842561126 112912406 694714400 479939029 830916777 126324404 652720647 74204523 634905624 927758775 226575867 89618249 340501499 589683914 170060268 981519442 314079576 652207562 488457228 391790204 262936157 486643871 532159729 135372267 976027952 410648379 460342697 834797122 950726842 250785063 576299184 589805401 415079677 240549609 29230551 635031633 668838362 776962264 777282411 727511254 99598476 196809598 899475878 687222432 354387251 368594048
97
836073572 29829234 982117788 524064474 81841119 763081327 242261795 739172061 51414637 553608679 796425774 8527146 122236067 668690721 579739844 595507444 542023708 485905206 66620921 212061400 949268466 780633600 479939807 593244369 200868695 166256541 41240935 981559083 176923955 18656152 632766361 261067690 218752231 644257069 270610932 396107460 289947567 465602140 520121988 848925435 264658159 654386225 876662938 686220769 882992944 472836301 649378420 586654898 974535501 768923685 640683114 636449565 290987044 878301795 290200613 428337540 202753820 388952448 666515261 466356228 411875740 562913597 615603957 597102812 158173875 741419 151106787 135702162 387475649 275739231 78350664 323040087 263951243 368399288 725241946 321654676 675109497 428419002 513661950 743304003 208996301 166701486 871322265 511886932 434388228 365366227 762895237 809254125 200867753 960549952 425680595 339766402 458235455 927745041 683955260 787332691 957738615
100
707440200 896798592 145902992 608350015 774994348 627174284 759326784 461928105 868446474 805368625 923839778 286321498 710433102 330783268 377040172 493166978 11606873 431213765 853746573 467417675 473197034 158841891 930804416 632081286 236405972 555130388 264326524 58915534 167118787 430635586 705941102 113355234 228305234 502818266 714195442 334070197 604017839 990512139 308919460 156993406 219351879 487273433 632123647 745828919 800102918 654076300 35094243 154036057 241989366 481255513 659550109 552962469 699410642 541535649 799474316 767513437 642041181 469749770 825120240 401260261 819233570 760009230 89451655 964159636 20434424 559038070 351019634 479588460 462328998 162257856 69659994 95394040 907733121 153704611 947568224 448058162 33689435 177658701 417248577 670164175 478772672 746793961 758575512 254699400 233631808 500499513 940824736 618160961 769906870 851151242 181003947 178637878 137886218 395689551 202323997 41697177 336406773 336209371 616359547 287918118
97
332714150 392723799 406671257 367268955 376057127 708984107 298098273 587393468 526191233 987952286 359070214 27931391 447190457 908606326 541361018 230363921 683202262 105034801 803334694 292143821 842344663 147031542 935833159 875027368 414835150 284459388 555838500 779925728 615464577 61816401 999081819 590066810 522296488 642346068 761188672 465439669 72810226 610760423 369492205 840882092 858694483 657247944 942358657 519198078 759983094 857062013 843765047 636322156 955083595 185639489 288005024 772196699 956221641 912462316 437869170 894770239 519217823 472831295 514042473 750017038 916894546 929940370 895682432 251862284 52656792 559527684 889962259 198393863 762901570 39264647 872133678 921636316 929322598 268889466 966177562 595669520 390533149 102194673 802941299 962897965 873857763 3347085 917016036 29602522 824185969 646184436 681018512 996157505 958405435 940171606 53088376 307612139 867296702 280381675 771008575 644913859 646340117
97
449285520 938980325 782488511 651460546 527458298 654789624 329747668 456282847 265183626 423334111 780819898 133260500 521200707 442968469 223107 916483568 347240824 765841949 923753543 727358567 543218917 678223970 949763272 783645829 517407062 242982519 313926222 229920665 53161730 311102150 897220373 653831830 939784099 714017000 968124732 93450811 657471940 492850966 524541930 515918907 491225474 639520741 256536705 820002987 376774782 52442985 440829463 348634811 309275932 1138107 631469683 777362098 669090867 877911136 846026184 221748381 644227541 518707811 939783378 927578629 834467650 782111543 220789902 803762823 693058451 806878219 89984121 419684300 758969339 256222245 746219528 221263364 377349725 933619371 847486442 392264450 98056085 110084326 378903398 725787637 907740261 377659811 130072980 402715064 55103465 871800240 259676279 75060156 899421735 559139431 20996312 198400202 624109439 73594312 373302358 613908564 440878973
98
849172028 784387223 894381581 701362173 124740876 426679705 459007860 380113298 449725606 223163232 813643613 785047556 664035197 480200869 461671561 959220553 859477593 592853714 902457956 517936440 116416369 632245769 512199013 349378532 628938062 298950597 622825704 452966074 749727019 441528494 884095925 585782251 695805088 315923056 380239509 360384593 538328515 228695931 909761443 142583062 385593840 26478570 358463379 735206591 9443177 142943299 959454832 270197302 486952908 601619641 81635281 176488704 345544953 109976485 193933642 107213777 649413153 720861909 698537007 907423711 773230002 792787706 894957483 795671295 373640280 727053300 303728155 968892354 544168239 750326462 336110387 51025159 930121776 188458989 679164922 615917222 320988302 120307214 386114499 394532057 124427028 760907212 218030288 573888231 528215115 32625915 855659061 977337585 430764000 639143113 422310759 499414357 851696661 673659241 225212800 159312378 688534819 396385174
99
869136695 383329521 926708653 374518519 610924910 522818336 954206508 271100739 459542985 34867154 244525173 36105345 334645662 252694596 658366045 838656162 384045970 78405331 480544524 191020764 114951813 491873228 865252790 458195969 666968845 966258368 185139510 551833340 891376629 361626292 13875763 427777098 212400380 985343155 948257875 387355735 171996927 879594261 556477751 861459103 60914830 481195307 850436199 729254672 572507579 872087746 340930118 100093677 44469775 958084088 162314546 228915632 259394327 526331814 593808220 584559752 860767955 657193123 158452327 335613148 455225809 53512869 796537979 120546094 52759248 588139887 523012330 610436120 97444135 246391938 945533944 768114706 338207651 810563897 397507866 232353931 595801946 80053122 521856416 895105774 789220200 521518483 428465983 12615446 599747802 359669502 149090522 316312389 98613140 314078311 783042332 696595881 567053886 738832673 590039860 773837530 721265559 470723251 367141968
98
516156011 431906078 589723770 74859347 374313813 991293401 330956459 938592715 747943483 158399250 526096707 617067453 270071709 548986494 560277542 416851603 193791409 827805616 583368733 445660540 62456615 151642209 969741803 819563485 613332126 911063191 213278698 769038548 972375984 260740038 341742106 661654283 331860471 908667948 735693512 240271929 619871039 252782036 915862174 585610340 784008160 815775807 486671891 432097708 742389154 837486767 925383213 719778607 413377515 318076631 299528141 534347277 242668936 80655751 145810967 614389393 218009591 362899727 481133113 60922174 624374656 795917238 355868396 107460246 297298483 420990157 101356230 574925406 308212933 223627103 647588124 678410623 124108587 814028776 35428276 972270820 149806701 9800314 8492339 572319487 389566787 162756501 124639887 110351521 11775216 385409705 126601323 832639135 405902889 455836522 694326452 469073934 646781429 415418262 962378070 525137248 865540720 556432191
98
62981154 368518470 186112116 917764116 684055482 802560250 701670780 700839041 213867498 473311039 367367140 27537028 566034734 304351133 153616919 261501242 918844209 171426093 712507379 174319136 645860696 722251381 324969813 1116475 763259542 292805367 934002591 338493421 120128193 819278580 35180299 419487146 256258976 347108198 80278145 617851587 749509052 778782124 378303640 943470691 624131270 564428820 692459290 330112683 829476382 3636067 904769970 745754066 808403908 397611228 892817363 113522304 773433629 185158782 99730520 843973293 113242638 100712628 259249764 127330566 2453874 158522970 476140419 381024495 148357604 509717499 986302040 516292041 904254200 544239134 700638347 547029229 685927989 516114894 773478925 180790256 298635103 573498981 542450814 107281109 346424960 85422806 756729684 509942399 359558464 480537843 445447181 925821670 982854117 403535981 798572053 477147184 841134590 705368361 174652924 258353330 25769640 520401484
98
358747575 537928642 481898699 892042120 858133035 69156129 754122762 466314614 425498604 218488291 983147834 262080532 593629307 173598781 952866477 201479799 732586740 823317821 632389669 666648040 621570968 20354689 654805619 167137967 505642866 571704418 803418679 463969321 499290555 955259446 314084151 863576527 95738850 153421380 420701548 45661231 174185192 471185395 131286693 259711487 699328331 982794899 480268474 79664565 941579457 473904633 16447228 60611371 360985185 503104658 790234694 112150718 772408585 131380001 771825026 822557430 746223000 354156865 2874192 361014527 463548672 398807217 261323485 339647868 282916563 726491872 392436439 770028414 273039255 786935202 475789285 913664306 902646317 445709525 572357499 798015162 873651068 444196121 192346694 176631158 11031907 72424111 122127432 973628042 766198451 92717645 300459633 574279664 47715735 90082896 136324585 832777874 404000141 817946852 898864938 662968728 510134582 312503800
99
603459276 874516143 919909004 622248223 546803002 296360338 521446198 809143166 70434972 535525291 974588318 818283669 576620001 651678249 335584967 65544726 285777354 20835653 523875300 516339157 887885232 966500812 976239464 623362972 607470660 687650636 288786794 204464613 242596719 752126902 406435960 493740291 779168145 877524211 980549662 988107987 956963125 756560734 57098394 494315049 269488176 602357940 522964489 238014602 368076578 792258553 659841630 477178265 828202410 636526470 283581470 180549633 932453749 178214567 894316361 210592720 887538023 150690911 341634505 930934184 251128608 428017400 330423961 950548902 382174467 588623839 557592204 745836791 706715560 618133498 932556879 85947056 345176272 395712275 250075135 807412102 509715279 768608045 100858913 594903921 461681557 401369447 866528596 526296528 247442465 169642263 386620793 565511869 105781684 646229428 721172515 81598892 517260259 935545411 825564496 953813497 473210722 543679233 503973959
98
798312286 714791493 956030681 183550733 377136356 785075498 702973761 515574557 335316819 742585358 347082045 506944603 111379770 593542648 514021426 681150762 262455266 944705104 993948989 950980002 156614109 92576963 232961682 20529989 611149487 14812664 802173127 577652842 220177263 698211525 527257858 417982385 142728312 527080227 24838366 103625255 377978965 467813568 530206794 560422464 997009438 7144890 330423532 329949171 717076173 590239811 480830244 408882441 227562279 891091802 979414559 483258543 144861957 486444827 83104641 741429251 188900140 293102671 632412266 903118307 503737982 294594692 497911236 639892337 605505425 501387540 122502279 57937317 729297598 768770900 121216437 122411629 780260956 892421768 667517872 497807730 828607028 746028290 875058124 954760020 984578230 230055188 158336518 224087907 617046025 879137791 496436385 704514673 981884331 571970232 878547159 601756205 584702991 809944945 607357518 786547966 513420308 211634578
97
431928254 447342546 207098154 355779384 668696899 219375475 120941689 628095372 762756522 880621567 470326208 775803529 700404218 465926894 398271195 42771128 356622972 181251280 279180490 264149896 87196078 835331384 404769594 120098492 907423282 525053132 88707597 429590267 247589328 672270145 725887181 355058781 243597237 339270392 103050138 245427923 206692564 688418795 712548176 554272948 156026782 278033588 338014782 770814579 708279745 75391476 943910095 686853016 623611328 553032256 439018053 166993389 830636707 324484736 283238862 872844161 878430726 419247205 170800333 397158147 763389601 515551907 202256148 919050008 977417798 498917340 237219216 262464913 748923318 399117956 119752997 998619547 530471515 569477005 135039907 963644218 600157363 350540453 580882294 387805875 347023281 423101142 17897457 272106164 156679903 337419956 249689592 752208896 923264025 636238717 447649606 455818032 842771359 547954890 49229430 320671849 263447251
99
358850932 583624637 853359774 631120144 596723782 254451286 334305876 751502594 409809213 642369989 466667419 178223453 474560069 820144911 53103369 298619330 532438070 259299277 503939524 639241621 939262903 926522960 957853330 598511429 535337794 357159829 433918002 465685834 128010568 286461376 996771711 605184043 901776962 987225153 991281932 676645260 729846883 694915180 979378669 74805780 570398567 563596549 701122379 68741619 398527609 687891726 2262799 57799768 571183418 407837654 848876387 52137881 520976311 437587281 98646472 322593888 256522851 593855397 128134737 746642453 423156569 923976097 53368381 269486680 304612804 606077495 680988394 724245891 585815458 269185590 696815068 600050253 905847582 799163508 760580487 918274891 531492230 584971920 345303672 654737668 449743922 683137534 614275843 856390070 883045868 700367359 941891056 592479747 470525131 262090686 660785632 892027021 49703836 891789173 848017278 695700202 313012205 64960014 509674193
99
676222070 895145842 575988502 216790559 21156044 743740302 419174125 867512617 546324882 366705736 56139732 637482630 524687225 811852820 233948578 196120279 529917258 284064873 922045416 877894080 309240046 547690882 397866583 218252750 732292876 118146751 514390737 8204128 924891698 299271828 390908072 749652837 764049299 251802831 721605540 585437635 25255578 958815733 101084657 152275003 899897025 703728253 215120624 131125442 263948303 491608825 725871663 670889099 921229235 667290602 469839621 477213713 255378095 353226805 278116977 543133809 90455283 506247918 61991385 535157778 384040040 220484712 442683678 339836738 923554983 708141125 379996019 472842632 617214471 968687793 923427749 375578667 773405357 93859303 206001581 751349614 527346123 313986509 383622643 841834987 310710593 86854389 439212802 828594264 945409990 885881278 837053378 397848882 834021182 437950470 785617118 691796397 521494837 131078643 743189329 822856402 784650740 557447910 727725225
99
331178058 113624841 980763099 535901613 718901951 856491401 286984565 103076245 374827117 871928087 742545607 684610686 259914060 227139440 541055901 253995177 514366516 270793662 958538432 62380902 436635082 70486713 889867034 718371681 728157852 545591856 46924744 213005199 145099499 1350459 405834503 51982617 265319191 605055675 258068643 975409095 336648654 364242385 5767549 813189430 308407959 327432680 232651206 197930561 121945522 939322044 943249953 678383331 608278345 751124027 959394759 187128990 612052841 606312298 760950669 399878300 853539941 420509045 510193393 771793625 36217252 432392944 289519113 981634922 972360538 585278338 364669012 828078332 807809116 297267953 108104334 347746319 453833496 542507820 631752627 797942855 409413852 980576027 915775185 478048551 731072979 121703995 396393202 281482264 577887337 372530115 975173859 722179740 609854336 522258049 414253908 570903624 497341185 329361908 866758262 569204768 956250978 702932677 632694819
100
534328022 305795053 741121552 418492187 944654348 220545554 374892323 263219207 998105476 145441096 308111371 247327165 730224894 20917008 463906548 655939602 62042389 653010903 575440463 788779654 862681247 331043796 823412856 812731251 151889016 607004952 191235570 105897097 11561745 725739072 863303813 293894334 414294686 361875921 368544524 732889426 317882974 215072348 636669593 771505643 410089000 797044585 328553770 740575929 951850083 671117104 739589020 504922310 271749945 52779274 452429342 32426131 645146273 966144457 391686623 258094802 205945201 596993125 836219793 642631474 28017551 215281716 530812250 353566662 530242478 705594336 799977350 229096422 133837898 370053383 449705134 679843272 468616676 776354654 970019516 181369820 389191716 721633440 803147401 699520317 545843030 606778793 226360687 861394046 747671639 164144062 821058304 420670379 622000315 834107830 449325582 341068061 46300568 525765099 505413742 135644882 610598979 256301938 329272923 254127536
97
336229615 759522896 55436126 482892020 242227741 58775469 705724609 921387248 428799438 540498445 18550367 934085036 491200716 721889128 963767301 711106968 454283314 974121274 533803634 334584690 901023527 800002813 811305481 554113541 945167046 729043135 17992067 718570338 576420002 480162489 453611835 286074531 172839669 964768420 224234710 302606039 406636224 842768994 65607496 203559862 536011014 413929062 514626573 356784387 905610495 432068 148846720 852253909 269560872 116482935 63282170 16035078 365426923 788739419 147832734 710926048 928833066 907527294 373994325 693169866 49049935 944774297 795029840 272649082 448109449 849158962 103402932 651663071 211893931 787787305 525418156 899967814 605746300 813598012 780583504 927319423 662465602 143712831 568085087 415916127 571654482 917246858 524770831 246518398 990489077 526809292 365943378 273721507 984111200 391526795 951064420 183223565 367612426 326863147 525850017 217811882 421473108
99
679847571 962560164 83583266 690719760 800587532 366102171 250446579 212492286 593444644 173294364 5019297 665064885 9877198 771737212 609651826 271629806 212512005 941909552 714165935 304158250 271086689 129660252 334743344 931753092 246731941 165606348 595614348 389708575 583106811 437851298 208952870 216979229 383192861 522810293 475439136 791564281 71319013 81461843 998027069 238435939 210810135 68776585 387797482 507196846 385143686 933867424 209956946 975214586 215697670 161235793 290572313 462469659 433011321 320829892 538527586 736070412 475423417 596901060 39405884 313124727 781787932 254439141 677279378 887534631 815865881 501063053 110815437 562437535 732711537 39306503 663949350 992111480 344903767 525519518 369933781 910627794 349467848 672810138 386627629 749586433 870568944 672098018 455859047 476050731 417792797 256159819 658812032 794269220 439809990 136276282 583340883 840991876 80784942 698470131 586433879 442401342 171264008 881810277 574588088
99
552632809 504954466 759316417 718962442 321994073 324097141 986114186 30981341 678622665 360638451 486374210 200114422 748319090 321101616 953295730 719480399 862941191 282308866 218017404 477719916 472934878 766399147 474395107 33817162 818497786 942291118 874449821 77462826 241248707 797519455 323489906 275037187 606577745 838093455 557006524 807229693 134797562 402733050 844628059 630799704 958962600 59334018 139012034 919269039 137960245 918109110 404957818 665585852 117965207 649911319 675189382 44590323 930273404 277194230 774045398 720280161 667412457 30801312 548712531 626987253 388583527 287671358 945551194 720906654 964902224 755986749 555631150 188720242 847606264 928793485 305122411 983084042 695420766 582730714 704402940 559192721 166524419 699988376 787430954 5179669 580478309 815246646 652372046 641651567 667843591 191093539 716855624 376168735 896751463 385103406 610297893 939541265 166902539 597265858 274528930 912506489 346110540 229539661 823030714
98
409531498 611261105 605340425 857241742 706273939 482946595 104420378 971119619 936742594 506507547 383684184 343642562 718633985 864058054 133842496 706138017 232120652 99035069 689831948 610308000 742770742 292923679 543787437 947080032 491865859 922200890 729114208 730446932 538944480 526793100 658053406 90078889 954723561 692355323 15161656 214638942 529026451 881372602 678599119 669930329 529612802 756998708 745811298 367284583 810870984 612839211 714242261 33724898 516199660 628359698 679425217 856503842 789477885 949297059 461250651 218868665 691884528 167110440 340235766 694608606 339150973 223843917 828935148 166743513 360207828 623569594 229338714 823292090 885646039 259237326 225973902 887797301 540276111 684997505 616003074 326310623 746617741 515610618 869054956 630570967 716934995 838419445 603636751 345947844 558479658 154060002 708915053 316365158 411864789 492930613 508978324 236792769 82534440 197601469 938297793 163237552 843035891 965844229
100
828551949 153995655 34059821 764415248 584981562 293943068 207391145 785621113 875083152 227409045 117949719 463893866 187201874 843174799 618019880 626132444 72792830 170718708 881497995 882786986 917943501 725048427 32600764 165260170 143226161 992704045 282866844 691970732 928701766 455515802 642738522 808213532 808888002 886993693 388694193 672593109 909370975 229457120 246435613 267892154 530378927 17925652 428702367 824870558 892538999 383367899 452723899 511825421 406045271 759297233 951400572 537702179 992248043 570037032 47737099 564560041 206359966 828041862 927402194 348457170 27372308 630542346 807023193 392838922 7508277 941215669 616655432 934963593 797275071 344069460 844089266 213771156 752549056 236561818 432074907 689182220 707797367 782196089 21547150 344352330 678148768 522307464 188376552 182684438 278346629 443552452 625971866 256518867 212436377 211042420 235656190 32353951 664366035 508384239 798704497 974501339 920803771 573894482 495420633 705593456
97
980572101 497348786 324313162 197350379 566148226 390294853 9997102 170537861 80356080 113165703 878191668 219967521 759006135 727492519 967147975 947577346 754477602 431949778 701331495 552524335 429099032 285821304 221694710 385843748 25636772 777211661 19537992 29576938 194730706 289689259 333666176 434943582 452313774 865822829 251578317 824388944 959906925 402726685 357324007 812508125 826266323 421526884 272648821 637632443 662885012 304332165 677088538 463749817 805702208 216375711 829252766 183829778 282009764 10918672 171351152 288011333 247001832 80710286 324299157 919955278 554276575 782847970 551091973 632065573 949967021 770209609 294958157 958609886 144394114 467451004 533681452 631090153 76953502 804889237 317111326 436848966 364621177 7961115 6020502 643114008 116846966 48471694 718933404 913948140 968662493 447931035 287626373 403130132 955400301 878046529 262087118 420144847 526528570 84569823 437015654 603313278 593403815