100
97
647997359 998759118 94557777 11882323 896758625 200116361 783519776 430206398 153880855 362179011 771327583 993334951 109035749 474245101 152668942 82663063 540641992 550215326 866862377 328395455 799400260 650893497 677359059 653187230 819826051 456981333 992476373 385992701 386637700 581353204 110342480 431713632 920158112 884780256 48625704 781632602 669064965 389215638 843810333 962232370 508278063 343993180 371189561 247284906 734362978 81724979 477272358 962078848 504419633 20007190 638324009 540298949 958326069 325279476 833298589 892749643 888287003 808045879 357242062 887574325 215522274 492988988 161578303 620884651 521098683 512946645 649664235 785484477 545549125 634854751 615523672 416171969 521520443 428117284 99009021 969558070 156203826 61901519 965539269 294093018 601011647 69696788 614315836 577419655 162506688 603221826 864588790 729492616 93354086 784377241 712090161 893771174 612244713 275730071 275009281 36738504 960507206
98
864956378 730611093 868807216 759548287 842388600 767545266 348779759 638802602 896442274 992279208 344829716 756451720 506751404 36340972 896885966 629525407 469656493 34056208 949004939 404153720 920863255 397707377 856584944 45261218 826528205 181810718 61003318 317475939 39316962 124946275 877884209 754374978 742170086 572503 909993015 357993571 698491931 411212980 142015747 448379719 338800958 908960299 41394737 344039040 473307134 318527213 959231869 36834195 638204222 662992401 728146227 733986038 603932386 667395385 223327475 764153055 442683007 140389655 444932774 874598259 150342060 323292386 184174592 712829628 837138336 621834842 928996923 203771566 383710960 884558420 320325749 297966167 933568528 757998009 267347214 131687050 443298467 783383030 359911993 427036902 734797483 315462166 619254188 54927162 662398469 70073753 470236344 373923647 400630576 849645007 108534623 194290800 99145029 876773230 149682995 530933060 531221990 141086715
100
954540222 142562029 640878426 572410030 993419185 681539640 412578556 404684367 478512947 524683552 429657404 541755744 883492764 176238371 507279331 279817434 290772148 917730075 522027424 34188226 762397322 888435745 556566055 367998874 867869051 727672457 834234350 94973655 394968371 615982466 65193246 381557074 224249805 458958845 424669086 666885752 479645072 165270639 825709206 562969540 455304516 608368432 511240900 361136767 993780914 316720117 809703040 26546002 741799963 746145134 207031410 258015283 683900845 141506023 494746152 924058002 222345371 407324861 95204399 301759749 811205162 80503264 374429636 425870448 119004028 665077902 914565631 440232503 800955116 714671172 813929921 729327171 488162971 343865062 649674963 656867703 230871269 368484595 375489505 666209779 915784265 400223657 694146872 237262941 753039969 470678260 87876038 664220905 567158004 588457559 681867272 261628956 360921321 74426062 599854382 38946122 968881537 639512960 381915963 317229131
100
480592001 768010884 442832323 192602679 225780648 7604787 867444914 808094574 450179611 299900131 987672305 763632993 59323735 219799970 679154233 704223911 386174408 42231776 851101944 785996537 431251130 3623617 239763749 529310339 500724235 616808166 11569857 867007057 907468522 783426354 974542505 551335756 650874805 268592754 238425214 923477445 135367599 638905512 39973121 260374420 266406867 878395673 333851042 308644790 584789139 452027698 446171648 26226738 770484249 528838346 859154627 432456355 680817411 972777541 548823033 293337124 420747083 118231568 173129333 548710507 63941530 915491041 959886493 739571239 981541223 948160355 313407944 26499972 958638122 574766866 724991886 393107670 535214543 948965096 251955424 25645384 554697005 284318586 397815639 343166399 806743287 674032050 163906367 244541445 454676702 411259256 787335160 735991210 753925378 182385867 549798858 386900053 546566988 129353241 420342394 678230456 31389543 808810739 580473997 973537420
98
727029141 749061758 425153481 420096928 81864064 88486777 206641065 868547110 199077565 7702572 490915652 160141213 795165396 750861814 165815543 53756590 519019551 523783696 687366510 201167116 311048232 697978368 593466157 300511244 565844421 333326807 839879243 130466988 645411742 158999666 997825342 984045678 189287008 621805631 893983845 92314552 275401208 297445906 835707063 222650217 512101312 583976466 956916571 778076987 685279659 127089665 274149120 714534597 651911586 602596419 415487584 265011213 337705548 405604128 429976807 664826863 70761589 830963415 370710870 709052924 548206795 639496106 241145789 399951596 100931984 614418354 367803247 805001527 747976364 168508531 711192060 608493348 868341630 808006814 323573251 687177634 206176971 108397640 787059813 135946805 609211342 556020796 674706084 330324094 201124123 736247627 250739788 181970339 22670545 922484202 680854409 604253108 707679975 368708176 82407381 315320280 369227761 34132374
97
120631992 336528192 70429165 277489725 370302264 398392829 949897425 749417857 615595257 662136992 748581085 766045576 13832694 329756738 564488725 718696016 465207116 217498935 549192385 222263159 253531312 429360395 100767009 89201263 94758753 995140352 362559702 210579924 688186539 769241438 520476118 937138286 18066076 515851390 673981101 884322408 15897798 584659852 378954564 59382574 724271518 644623675 514363168 569960925 337537679 254745456 360430661 538773303 23166663 298780910 736496177 846320333 390700003 762511049 582590460 210541273 399036450 74576494 291289159 568439859 730172213 648749743 426813700 671396338 333277838 149669796 162283316 543891848 993904470 816347793 574790677 799904788 782109801 552098129 805598759 662985056 685444547 900204256 434322716 672715503 564049830 570225149 526454024 844313948 562668881 360012094 814490611 378994934 642900002 477063496 632342599 169392580 239173965 944524417 94397895 413499255 980245789
98
772050528 556777799 508582957 204800277 866247672 514681401 784658009 672650904 829778544 371855630 552261799 712338069 166338126 141492908 936017530 529320752 353071172 523182347 311805693 988171431 627488845 97774812 881351739 462662002 905247217 844009474 220321277 699274931 831455484 413756927 514243096 233745913 703603243 426297219 210507433 398371512 102796430 438686859 465574305 148783281 207655734 137669151 896739197 484572483 491456096 824129796 239851417 764152449 533835150 953332120 926577784 47677781 530647729 138690285 659155486 796808864 87097398 802599908 691144100 228080665 379259297 420070359 823527871 194563538 864677595 921290814 600292161 244787098 916142440 360696341 484812887 714437720 810220583 814577859 627659729 1522270 739590267 864485679 28046863 779410948 81604672 968550329 467812498 276464031 145128325 316962230 765652673 348096891 387859423 167123334 334208696 392057369 827752496 428778791 165382610 196058502 435363053 398652145
100
378748018 934363864 251940817 615067927 379739708 823068645 800715948 550263291 177036502 864652654 475992049 98440068 544646899 827674121 268548999 11246603 608344977 507785158 151224767 813732784 935660633 650762971 20713478 657675266 452184600 915043564 909413345 234682691 684338715 20738344 904268733 117650152 968296012 591641649 872048680 707567592 566517719 89570083 821333123 87734821 10935050 502459453 855013123 181491879 113354701 837631361 3133824 75482065 912548825 306308454 420233143 967319380 149252243 315824665 917049817 53752088 101763364 584034757 279071053 602905016 558437217 795990911 389261549 270368975 803157875 476716331 972862035 898741150 343265882 144673663 716025140 288483518 488417258 477427543 140885110 246350324 207111537 112584414 112720554 614003717 199901974 432848477 845819822 290885882 507272823 166461021 975674188 674507501 415060784 719292831 237794764 358461643 948831778 685542578 181485294 2018392 140992520 138687027 955533039 336823999
100
575810795 105211926 130059061 845202834 215301988 99133916 472682332 568320217 932562482 98215010 416739762 990897276 649802982 837177250 401772385 124456846 826463932 864970038 331132691 717690387 527052066 494969570 315687958 447810951 314825831 495173680 500586659 460645913 821473151 510425060 684704448 6959388 755292815 729399052 550534040 422325362 843101439 931960428 645798026 812368025 857961131 607029246 374383003 896915987 182021217 141377555 853444918 244036017 567788054 865447687 25708808 427840425 481195394 168490929 109266844 867125283 252615271 600215464 331437240 21143568 829131069 69719126 866386199 939545147 734513036 780816967 285278701 993630600 95207911 622750150 150823370 537362607 617927707 460647535 674109169 436199811 230212564 699185475 233476898 208991660 625963534 458272164 331086058 899118751 50552857 459072276 202583760 369535269 998573672 789867578 985908482 557854595 503162020 190551678 417528519 294429571 46036312 855879290 740916599 914837786
100
648553646 545950660 564738290 934365625 357536857 311580395 377846183 370674184 193662328 517183898 372099649 701321510 57532191 166099553 430432308 216249116 552545658 849185486 642731872 807868046 157807328 756871707 828338182 222121328 24145047 410170839 256741092 34666199 801296113 814878764 637989426 463605835 864463159 28396990 68158824 198247691 487741853 3969685 846759178 24470159 153125963 870911403 294489312 291158711 960561210 287686236 430164957 232304731 851995673 983786335 983128497 903237919 708330534 804023194 644855641 126736345 401721780 238063935 264254571 458391881 693748087 350745919 462085401 553001765 77439609 196206058 520594554 430772041 747472184 147209679 255129448 238572151 741706076 11910273 702139405 133609187 748107112 877548179 415193154 965172661 495420668 516888525 147902805 424551932 616092658 192751726 997970841 473760457 941934280 835265494 955372493 328527650 686499608 912392928 177373454 3387434 261305548 667371595 785150331 494284839
100
646666622 778231324 948403668 702418029 217076581 116654480 814181259 444622990 384023158 113266126 866565657 55354961 63069499 927416852 646145109 900659611 839171880 192758583 904743517 464367599 436169027 324784847 494901620 714886212 407922337 131336819 596934192 831812294 220482017 346817810 353829060 525727596 191051350 362601144 203776719 492023288 647237480 737352967 378004427 256254289 767820226 346243172 546309713 79852573 338357069 108911541 650012460 168203696 327250973 91649621 972240765 301838528 104181252 825142236 118730228 962952057 284787093 369226055 587814288 522334399 903515192 811239782 488578641 658179836 997819244 333375936 173311277 532629627 824944705 936061718 959809345 175934361 963683483 348229449 802538001 206308491 577613680 688594923 725943100 29143867 200253320 481295066 605619243 29518509 999471363 348179827 250987838 66433294 358807654 851237689 18581171 932213906 410861028 18432761 209508686 544443519 188581366 576720650 361191430 669618122
99
230988180 126733600 79818254 496416386 139503552 62677552 693988348 421587285 222368391 394234319 869011031 944844115 74375533 520485198 590690096 748793671 1632308 461133784 489964069 763232736 183170050 830574985 264109108 412953052 570667456 568477452 588671894 289997530 732563529 461626411 803786566 122062412 830210341 738897285 172706223 615763826 788446009 855625383 474024270 31018631 298564340 820273358 553370176 100117889 595070542 422862155 60877623 952913266 920755405 476623368 830764175 255817873 66562773 883921328 651750428 488403537 491227111 310542000 202280298 8561346 515518106 831197929 582950456 803531235 902874768 586724847 719046688 206971649 454356908 80744948 605983588 329138732 623693937 159074209 860375547 93803582 391472648 421223151 607131637 302954763 573068010 699692959 981500535 900177189 766832769 193065104 114010475 115429609 48929879 74600339 838590311 608839882 300464707 605284065 146137870 873256846 266840766 80708558 706519451
97
555074981 179105171 503559717 958967468 565218444 424073104 296501060 381753805 602540464 924466377 253066175 75149610 75364368 867226539 929477924 435023988 541676117 944792341 681270949 253198321 444304053 288830170 772595528 928817617 125422536 874318277 643606741 551033654 863640881 439249631 609954265 65341853 468059691 829193709 135078287 574794796 421865578 412348920 415309927 918233617 995213120 357108231 357888242 890819916 955803228 696436839 749992468 209948375 896514657 829421259 518461714 543901435 144890821 30950590 857625516 952847182 460963171 761256300 591139243 64834709 465253076 168006484 876098420 321478546 6832018 378295497 172589508 255766387 242534968 621046651 614165179 7588304 587009765 50154998 587197956 491228596 333312410 367292068 155993304 833242010 315442990 434179238 823167073 728509479 95442295 453223331 584136862 77852073 12950821 541948124 79060124 127452325 721129910 257390801 259222788 116789199 213551778
100
444242359 274239543 459053985 879985264 569996722 429163250 960356406 289641293 633469163 336602421 134031184 923555029 919218811 768559673 203198049 721293994 504647328 825738314 356519475 2445038 295530926 94725106 939241649 548064528 262783242 451913992 849449183 653227678 352845003 198827501 136547027 190396356 765843601 489271195 131004172 519772431 461897018 831829964 938980065 245241088 533636303 51327780 458511123 920027519 887175413 104629270 812179170 6364459 644342681 193402738 793302289 314040971 801612150 519127875 665993674 478059898 946272485 733631843 999494127 969827150 238273639 159580042 375876054 299757992 995417474 953360485 372267496 836975228 224711574 985643864 345783922 77213711 660945747 266478569 872080017 473637562 212387931 764304456 581807270 865538259 197154725 350901946 66978590 987104941 861847120 908284580 811196863 912681720 807380738 437835816 490846533 660116354 499412942 858027035 648651098 23289393 904981122 641247263 156626457 530134679
98
864601636 200939508 177247808 906065574 285716074 3181756 231250493 657676109 342982199 346950856 529336121 4371011 998554250 604190264 468439698 242679915 578796668 446353737 135728073 258836194 662977856 504507625 386368511 382909188 365557774 356102093 606068252 955950018 914934310 473798119 696486980 496536591 827719004 376316912 703407478 189067594 210711486 118281215 690038975 601260142 53954674 830370603 786317583 507414241 545749424 492298976 904951631 531425318 926729883 988670108 715555143 235170694 427333690 403401521 203868844 301728667 637075882 580014033 157629720 189658317 394467369 690076640 536305299 996360394 382643025 838488982 909877171 991669688 418762154 34421284 665486562 373514065 581530653 15985702 444673913 880252486 158571265 405175024 344431758 61320397 412738063 938051660 464702268 827370073 14140979 647947404 602242427 529569819 625686708 443688972 868988254 431845115 284677090 397248285 637325618 612587072 765020067 725268605
97
624979169 377226994 948528878 627510534 994172697 289956700 800803290 277679540 330022169 537010326 965890423 177460103 382747595 601645867 417806928 364432445 973776907 347767784 211122816 881799350 137562372 464792478 960323058 63636912 584888535 583564966 75420526 119299105 139552547 251444937 939602081 163742173 553056513 403300014 561916156 549206654 81991288 314909100 211489888 126036847 855881977 299049607 882678908 477953710 254989435 719791639 806686234 501340592 502894363 934597858 368872988 320803677 430345483 535234132 303503542 878153326 264661707 783812194 410458599 743201560 847728949 575314153 945041322 316627052 161632498 483706624 637984458 204037994 978112810 580857278 691045950 959235249 684033872 474598451 692341539 465554439 20237983 45961757 74619700 385025929 414120666 611741921 732365750 584644303 181387143 244830709 37316942 122819365 820128740 850775083 729119650 652178208 3867189 97292932 221899579 317599368 193988202
97
930243986 93088589 948480644 933539873 209564199 98040566 286956271 34115175 538615095 667602642 207846862 468953016 37240220 529818196 877733899 114672815 640899673 954899736 601505834 350434078 868054871 338598765 139387732 673179794 791002510 851905504 378673779 534627151 431510580 212369807 787740034 313339988 723761017 338893831 755929499 801459788 550731769 530369920 271559894 217571595 473153598 689540082 608526675 964535884 960209643 265361208 170129591 593488501 533071510 366319989 625917400 105027918 573273479 120470249 90783440 500315886 167630760 808196708 175837558 388504194 250884789 640552127 329071129 143300063 260918892 273095394 675944797 280100408 831257424 141376496 121587665 927360698 16742229 979166060 516176018 845343257 521290756 634727137 159624704 171268211 408007544 507728822 495343487 847036253 398785073 454802041 484748494 7689191 830857244 627198914 251618484 750511351 953365418 554094460 653250253 86779665 609209205
99
329036945 513657882 714028033 413686975 321771068 51141296 20548569 313834982 606116489 383443367 334373857 677695196 636753926 611654367 419537348 104349119 79925873 286753644 364376399 105821724 380214006 781806682 202544469 43968725 509342812 996308321 471559609 328555193 294969819 72946361 559420020 550725256 340450064 769092496 614641319 137358824 450066369 550543085 985226046 238325349 319582550 626706358 390425102 933636322 999005823 444035653 986643416 431903847 296994370 674950857 403682855 641958202 199447421 703504843 99460454 889961452 11913251 673361713 752068337 254777755 803834410 817889469 236145852 907468343 776244346 867534717 62434206 159984635 610857531 554518513 15737607 867465642 921493372 716134371 207406387 838106559 180933936 605343791 923193812 972892772 323667763 377256838 80422492 740589085 770237032 443358670 585042663 289179634 619643821 779850762 90741350 200454541 52213876 436244473 565569564 242049012 224189614 589851493 793538301
99
854016024 222031022 548292796 914919717 774585990 645515314 9605626 254598755 804226716 620651628 655313897 227522296 610845534 395686133 296981666 786162390 134559823 816837846 184876432 315901740 26659852 39068448 927395533 636913552 745651162 457909840 848096710 401820550 263158661 394985664 780387871 680014383 901673919 229431081 871243313 957036005 781383596 538744761 751624712 938749389 258266501 784723542 454710069 423813631 691851343 790657060 427017836 559604015 460528486 692836559 180448256 690134195 925532583 348246744 262773351 440499083 504972696 530394124 195434568 921122771 475120955 482717726 150992759 936108970 63907306 259748527 931712424 342167641 516123251 71808319 17743309 515388602 668642195 925723864 540567802 207607228 700939816 373574734 147744924 677324524 60669721 804777801 54679117 433637405 291808201 910454320 835786016 848326328 550899031 973540601 569349781 39489009 12837053 4042201 116339586 702316600 669935375 37300926 93188001
98
893329860 532101994 467741451 443962316 165935565 748599699 905080191 794979964 213939569 768664335 664909749 534423360 31963809 755204036 381629425 913546648 632633471 579360803 686120590 606875289 526698218 9088386 309937768 239330874 938818682 876841034 522223489 570331703 400230448 223146002 880908723 705400516 499025669 683310852 73990993 929629058 610749332 801216855 312183660 738390958 511943025 395743469 608579019 447245225 92565374 875855851 276544779 727064510 377905426 873913100 798505140 783179850 520092001 921356100 833644235 675416323 964697913 909356131 937137216 665344367 882177126 935683208 884334154 641157049 807518510 343239514 270133445 655575812 550151531 658075351 526030753 608584923 918442855 317072158 149167385 372023890 885843605 702503994 528593212 49174235 212703589 259194696 529042732 885576508 309899111 601786965 248782180 115223136 341699004 742231903 602636962 785569774 742333383 405770921 298333529 497923172 665194893 867604799
100
540452609 877418142 66229673 851260392 689324504 767792084 259883967 651149149 390263862 767980965 979089729 859406692 850938582 466456326 532058420 669852544 725205654 387599432 429654052 184359659 696128831 596255230 966225341 475009521 643226179 386693954 933920993 15593658 364749448 484331915 706844484 83440280 708292818 262907792 632179825 81962138 337134119 268951981 540826460 898672559 81363043 701551330 272914195 720092792 128941154 213240969 527209274 535626454 373576816 194394335 614370143 533815173 704745998 655116928 567462876 816381008 872553545 275513084 190718355 282370914 379530494 327299740 782963190 583426126 855886932 817556564 786495668 773174111 922941749 741849174 816116410 194427892 402155021 169027606 64912145 491976863 367106932 301220269 617908332 756195692 826198399 842967737 791125172 649747257 443054511 734492766 436422245 696838304 802710859 850227077 24354626 390093037 822396521 484692675 102742355 972150784 884588443 471388820 606721616 460975236
98
961008337 832383726 672992818 604421088 969642291 66129754 575010030 813446274 150029110 993238335 873368264 993139829 638346965 631453264 698594601 139606057 107976169 590584386 715992988 510637444 668268238 865147746 979133050 60197946 984430658 173334151 236346231 614263704 3257878 796854045 500344213 151254470 785882056 29776281 639061441 217527606 971177185 910395297 118530518 689538310 989921776 9943431 983313462 901426178 407876589 694862587 879319898 405327712 705127965 11054234 503231292 515563426 109583500 55259064 668862918 84578065 32279244 696737193 882455890 451998448 714405541 210253335 43310593 809444743 263261017 527953812 845040622 927237346 104756509 68400777 241609615 462301546 503036553 139847107 933343470 839334877 506274520 781257751 114641187 826918641 381912896 377556322 850851947 796548316 20817409 959100310 251838027 997782219 655172280 261006446 811516334 716162457 177045066 58678774 511264555 523286710 58948805 988329898
99
814822049 302256553 185243168 517382922 763854577 856056835 766551552 607090771 87067591 263635354 319178036 520377057 105572569 9411 240071766 615215156 613519133 875811714 505569540 458833834 70772942 690929047 188877387 907571704 81117345 226363378 598341675 413525805 85199412 32644307 654382702 73137615 404893621 631863112 943138172 256818196 360776039 997028601 703985242 167776994 73519016 776934780 210435517 684872640 310676536 91873328 412560334 261192752 273547512 743998203 835640845 664347030 825356236 636291399 334223827 531714766 290865873 684148344 984327729 973828230 37511399 482058771 331913655 493450050 824964095 104718809 656792426 69336990 309154329 120114102 721276437 557979839 151982831 355978422 97155125 509037833 687895806 818666303 938866159 118447716 491816905 497500998 708048064 960045368 892936883 987229097 433212658 166540401 748944994 648301325 927972150 323310627 740899179 282661756 802180940 157598272 311182255 936113403 84996808
100
587818422 819179402 392275063 34216817 113397225 398099502 153342389 780324779 442819753 26357486 993144583 772439391 682039538 670333968 813208253 59575140 975165064 716194250 260945179 254966501 97325762 680197113 199271810 238339068 328095831 553608568 847262670 512357363 989660075 987372644 345379686 41349708 486290156 126308266 56294763 467291715 388150983 41540651 468854054 293265854 376184330 589501535 559260727 968555763 898606316 138595293 97268988 864350667 171680689 984905457 278542339 531095359 47912665 447929724 880218515 24312288 524896599 978312917 651780215 248480268 154332082 189216346 106243931 768530148 238199395 891228486 369257340 775732887 763208535 569149389 186706355 657776751 922510071 886195705 125489344 245667527 520846744 631556148 429908633 352530961 669042985 192930934 409138752 695374979 679764313 460393980 922893169 936492542 282567795 593948330 353380118 650317570 808439673 678955841 344626369 772016911 810722437 195268514 317719159 616834120
100
752656029 951756121 866131425 190226679 12417623 214888318 671320998 953330237 398719627 522144183 44618410 868684011 269644282 867206345 708634491 356193724 844999200 754445894 694461955 839820044 876709712 661982266 664873133 374274955 967775694 339435372 525965246 409770693 905975145 415606464 820940188 518530072 984579670 955321866 683197146 342068610 724013467 688378156 84857929 180697232 601386344 113962155 375476887 222741757 90946056 47280576 114620409 776292039 694367642 685844179 630749338 338590686 892247136 374935342 257135817 718201136 207840614 134622128 798564467 788439550 396433567 968821554 664734038 524493764 432703719 192665246 119409596 362496139 929272426 580933942 797979005 504340849 51390026 788457715 207971371 974159318 382444302 942134774 263917155 513711768 87995491 6735804 177948947 95658388 154553390 155009305 792710046 110354993 363822614 54898659 49335083 808240257 84960473 829273973 58293500 544992791 974105977 583215811 730129753 823851314
97
210626477 244538067 288741470 114964123 14355983 568426845 214512891 56167084 10298104 359586206 354301855 812527539 735977078 124318568 111346578 664148906 403419391 292410930 918618962 72856198 747359482 520689807 564116989 879586752 905644952 72759301 15699499 436672037 612073799 60705314 220224551 273951795 836787230 483609649 157408166 921678797 121028504 620302823 650311404 183028816 323778541 872268068 223241626 695316475 412375216 401514214 2004305 751384435 382725233 494259315 892081928 17171099 412642291 772354531 590877159 56084950 316527707 886504173 47563578 19015277 202783849 814074409 106492240 103302329 562510043 73031195 91349204 775958569 514480091 580478599 857194226 223341612 963194341 974875564 897857343 367868505 459432091 912418094 595839450 549747426 175617559 960103938 488854662 416942606 468818713 183177067 514090408 961572475 708375970 689764543 912100812 834036470 347369415 525035516 624391245 57157193 101475487
100
933916003 682337986 219920859 387575817 818356479 723162309 415018637 786127197 20726915 807602209 536171691 15036234 520338740 638733029 447789833 727411694 345576300 426944684 433996 994759963 137694457 621971721 910731 44624231 115662146 572691161 263460194 221655302 965375703 496014108 922106692 553040792 741461611 101093790 542838914 901896593 86636986 979333614 85073046 649998646 218536784 826775264 263659807 141678976 844140157 420913780 425865042 663924071 550748032 840094090 327341880 79725503 438923315 300416592 605410423 199948113 584626418 902964719 387368938 234589187 48340173 619920289 713917774 53807233 266561916 145814216 179991972 395662392 451960260 94811556 113443438 752301917 421124319 751593958 316963896 582039772 488980494 283620043 511531887 199848577 584114940 462226762 885666720 819495190 378394837 587839648 553347496 216050333 36806434 925366458 202473104 145850934 879992861 197099300 148867902 694043503 57097225 282290094 653459540 827027005
98
432943987 423508404 411291106 901001958 846458230 961556206 737857971 757630151 61346790 764847539 519224463 707830460 78231485 541879290 625391384 648555423 147767225 771021859 272485875 569914762 656999457 484147543 386157583 804339114 829162089 545361163 498783513 409699605 716541811 434012780 737412504 836170169 488825408 329316416 154675967 503565293 962721436 415360856 132103841 503114413 544618224 40723119 291541594 713078851 25100674 105096945 767391628 958254479 750927685 218732071 238633569 918941193 216576125 213511258 897810490 115944898 226493415 936904748 60451627 502198903 435519569 794984917 312699287 823036706 220479295 644125322 785425219 416996331 432718014 348553020 866638316 145861661 190027725 842467806 40453772 345283033 209900020 908067369 915577669 965960045 138206189 603391660 590169978 863932474 185298491 127278531 250760327 740270334 419729188 48255078 957045727 860251701 405844588 872926097 431818300 962615821 306129794 321894021
99
740471052 703987359 651065139 536310029 441646108 814160996 945350454 859036224 840513452 67870797 890214583 377982663 126355008 234455894 668197556 28390116 648870757 744768134 135049800 222927338 505561283 76757586 739269341 997932918 20343208 311192014 681857331 973407518 882733115 134075438 37626926 640081339 207889484 64483862 747462541 764873588 721629367 631947202 841596799 299055117 472396347 582037312 473343006 757553706 806902289 310480786 228486049 516404299 943149175 305192394 364205227 701890735 202931502 208135491 869614962 517910798 599159923 780811893 852881099 975354144 774134938 61532724 967581723 875070798 13339805 31979509 58255753 361974712 412471005 387394048 133452871 413855838 831112107 410214430 354228746 182424154 147525153 887374080 631412597 470879791 907163646 58627845 738316228 660958465 634555733 446347938 506940349 190910104 10418183 590278613 589118627 576959671 655247723 199170153 921233454 449461311 421616738 92059935 733075939
97
783991524 698594898 739677094 999311133 218944862 661402050 468097328 413186127 324321417 509018239 722179026 696932080 257401634 551193921 554534197 541784957 942293682 530739526 479826546 162593737 783183762 217539223 919958530 561467698 28759220 663246494 998654792 729087863 16847076 808020712 49951426 86258851 513332206 46937809 124143261 964955181 845886480 21716964 498032998 949951043 650187003 452288862 976118577 301567976 932601146 367311255 681849110 5109775 125101545 509455186 253770492 353459985 277729123 257816329 621538089 811871634 934795281 303518847 75400570 289293599 30135436 861561412 968031791 9539796 78974874 493532290 944944993 500755950 746551349 925816134 155607590 214605733 395375762 31133354 165162641 621702886 533599832 270072969 471184170 568386671 669885040 409827644 206167111 794406621 360911547 900132167 887788785 638697429 267919478 881109103 165963936 467060473 502484760 548391220 390428294 99386747 404014009
100
721333131 109069454 108921839 73571924 786076640 630539061 239610850 805409228 832077027 162305186 20930264 787206037 206618593 89199204 799846016 848196808 748305671 178410575 153680683 336077540 809846876 139372346 817371747 162062627 119351108 502198704 134800810 924995660 407484064 445522565 472301703 6732072 670717662 801023440 487368065 545328413 540219317 623026834 84880742 824254696 590818371 1810820 67850568 530592918 300457789 438820107 799275858 346003833 99786243 550658666 660268572 622177911 308450691 633460394 65474773 227013569 32018614 71143659 79618368 816646037 658688985 49519289 857033305 961326697 654805740 968909998 793851012 823044854 227354698 817576389 155480467 23894284 137444332 520067591 386096319 739493765 560835594 197558941 764319475 199431300 989211733 896670205 384549366 214767737 536325480 777623589 968176301 439848093 323569602 866080789 471472915 754960622 78822376 218284631 688057587 425782547 696758094 998464198 741006221 731205475
99
156220571 790380429 244461397 685515378 24980385 309535383 801045070 834700459 41855363 6085751 641139636 672138848 630205633 512709183 258316741 344783770 416796277 494803404 33768426 31181763 315770525 975845049 880485565 931193653 293116385 712854625 907491744 141935849 196394780 685575359 252566079 945335939 248491188 749475450 261659101 42230724 263260052 970999271 855297939 529424939 995024774 347836252 770426034 370419012 271148291 828578760 763129294 918726609 389261739 929617662 734629358 253546844 357607817 591943775 187196688 563431767 390673657 217973949 422858413 289522566 345228869 645728317 142367763 456202440 881950327 354497544 174733708 492167283 482293268 605630065 433980736 839181151 699748041 24707591 208553441 547929761 336821115 433006952 452662514 105721670 855106418 340968614 902511151 72204893 598162699 172160124 247734693 840105008 314811638 50951406 279771886 109432195 118214940 63598076 110266851 460418562 362302492 787967082 349903828
98
582689043 421901010 977458030 596002859 397990764 685332458 977206901 44160882 943801608 224942626 73996175 7726987 232661870 113923404 235466807 209725871 578332937 321047485 776431792 71139923 782089719 245239564 391441712 655336604 420627485 154384180 827833523 778497126 601587119 112272176 525270467 634947342 263747967 897706983 316093711 857050588 824644729 247012135 138434366 910973566 898434915 186303768 550676783 595079077 342517009 274526121 496510283 982286133 762135430 657195134 119210373 953695180 254186839 884447100 327925374 632495043 868029842 4172225 597971448 974016823 856532558 241805379 554895263 501437972 466064404 496915754 383203855 652386547 176301522 776530742 393795544 75282861 13352240 929123145 280647031 386404221 189012735 631677276 581775592 245229898 412096413 61189660 211417985 469134828 76665864 312298351 467699679 890102 314791631 804665154 8122806 91890150 543104225 543578482 588394115 229822915 997169900 521916008
100
163085780 697901023 959422453 731267183 648007938 765752285 510563685 864348110 334042994 234714829 23731083 809294301 670727270 711775317 751047365 642116782 508631358 87671654 197101239 43132644 649301139 533098551 705928466 429452125 405422011 642010967 940300658 957034266 34493145 642842811 325406042 255221311 574606828 407496523 498522473 320030390 120966421 427956706 951176015 137291494 395579764 906186020 656825397 626421195 987792379 844888792 13337394 675170476 420406949 298225708 92476124 847829206 38851124 634856612 9053569 756897597 760674066 230983284 558260826 89465345 87249050 68448572 341490935 229960808 47595190 579691252 4439217 992013423 681963586 381559008 708004201 903904857 438680518 411428208 240290252 604665124 575588755 602125061 925511460 810626338 436479177 163832726 159485618 786086041 639858045 306146853 725991012 884319591 472785841 426153350 842999193 798378542 326415690 714397045 617894082 676696119 348054422 478003511 650247343 271477742
97
529171514 221226631 757816897 86489300 758785171 206827802 914869172 834873861 347909878 624074702 274548693 858559633 712227813 838977495 553292968 869048701 502198460 603814319 141982687 791902125 59616912 454267006 787281022 236949023 243674972 183673446 402609250 744930140 892101246 729847139 606990563 341992607 710137837 830441929 474912700 472417523 356542948 29021303 745956214 665176078 403562272 512275125 816467842 785371700 33235874 570425910 242447306 929847427 656283282 401761148 722884751 282004884 703407034 120795416 546873713 823308887 328991824 941657281 441306376 362736727 204178809 553839702 990414447 290266305 420464866 293094574 184225448 88183016 44388650 409453588 913118243 130441889 132302899 13698843 840476346 797654146 929736578 808023992 823792485 261136633 783952308 120821388 59902239 449519692 678722366 657624183 922591677 292246812 569314006 213806896 722374561 900933990 467718982 932576211 306759448 132512619 644619464
98
160058648 300348182 991787594 170323579 637116656 158311094 531645166 292901782 302043889 988818032 300658601 736211947 549316025 731151377 866959688 39080548 225818710 805792816 515005001 858284066 974191265 748383740 433091700 89573285 961810045 110932395 146837125 457358116 720815045 912208978 621422127 501917378 513555270 228092818 793528970 556230567 485484105 666621170 402815312 558192003 935313124 228063126 784331425 794714597 650101072 271992266 703604551 931003290 413904577 837129737 563336705 175783424 585786867 936377895 231451316 517179875 295702247 330336126 551621629 693836441 772454154 844291821 387896304 691996568 599675257 940961826 752810650 549360676 88222783 738017259 518605656 564851936 536256772 515435682 97872586 625051154 505434679 431893049 837920368 126354036 240183175 627561158 277430124 353458327 19522678 809715524 222734872 276053344 528822426 113571404 97618820 311567659 888873225 55014219 810699270 736882209 684128139 115742415
100
797761088 455556249 2105666 742846110 851244712 898577792 758078774 287461156 727832664 709391431 462973821 744470335 865290039 522871394 735850499 849953752 543549630 702380978 867290512 886240052 439322839 232588586 820875401 159560657 529102309 976660901 355843139 893426803 222666095 725867625 24511340 493980605 994397122 823930194 277521582 848860685 682107555 340024676 666985644 893335550 234296182 195427264 311888818 8558625 810295744 612220058 524917253 163463155 175176247 144189044 781034743 874576243 589044558 512210298 605308380 119023179 371752758 382696046 133796213 596696754 122774336 976837849 913856031 310203991 807000659 847974323 923530284 483387709 540875294 165729250 280225866 831183793 667898667 266854658 643859468 775778446 28939687 551930208 666773664 566364556 684388211 511342143 211380307 617385798 487588966 437820692 438733718 371211446 141767037 429345663 954436970 346797869 12109890 782614796 393999490 764777711 484894847 574778711 606250047 320792163
97
873309642 992148716 762441895 856045687 95852410 958140922 883079812 460361181 596867535 582168808 950214784 418978821 17984790 865336155 213199554 127396967 687998987 446367262 527405936 687348152 929403323 732269697 726087951 954699709 790123970 57799093 458388522 180741675 155818532 149260929 931927887 110869407 680706645 306934509 929669777 505629756 326367430 314239372 878969032 466439136 162306469 698029067 727334041 458814461 461363368 576940464 854102256 219526103 437851180 300628592 738412330 321388769 146578445 874989368 622989067 769510122 280846436 879879577 392649114 943658782 727116473 548041631 365045032 449491322 165551915 106751013 687863101 641815292 975659434 124251600 312632984 899525323 327093478 868924042 228561483 683761140 870021461 387077210 737009131 207059594 713947011 413832957 301763501 891438307 21952798 285564973 665876340 622036788 460148137 843560324 790022010 743577566 136070743 211584203 553909623 877964000 687924280
100
540159764 820399221 243288214 79410798 361959154 828862641 276113792 356927525 330895506 398320753 657635633 76731499 812869710 562682866 309196101 572514789 900619526 466847882 399977866 48634653 372659469 7526490 166123341 393889511 104190105 444235912 519069531 3061694 200616832 189071587 551250449 308082502 991665482 227753370 326420412 774709513 651219221 734072956 100096909 990772040 73166568 53614774 350919867 957137635 986896626 352440210 411733720 824760007 42883984 602008236 773825134 437822652 500669404 553300200 667732565 830984703 981112816 182396969 329086784 707067365 664696015 82642815 911391488 131827521 265547891 697722698 390591687 563030933 27269748 539518851 740685231 385730196 685746850 636535180 53304573 268656898 264938078 147119695 169796259 134725078 933656482 867023899 340138159 552999743 136964843 794149141 503708794 280602155 9343612 327668792 411556850 26984474 913687547 741880633 34587498 927881759 588599262 611773843 476566476 393066502
97
184277981 975084909 88971458 907274001 215109562 72697627 326258537 121574079 246615378 688680685 870326531 564494114 183370363 593764817 842683246 859841551 615260955 582437755 43962040 742732418 756573063 607311148 566341602 639520921 857227355 594421472 784948732 245125997 584810303 343783906 948343840 330500374 58347799 355777053 931954751 913156290 428277085 694613199 563834667 624148558 615180693 116271357 432694870 185498845 201316745 381225055 908628350 831835670 403014092 858065384 157057868 868291164 59882822 585803586 533475672 267851725 950848539 231616285 256734727 263709576 749579518 610600011 263016087 953257233 660885075 170659893 740820037 169009416 713898523 947882765 804007250 320073209 814096680 148587972 802261777 851346789 376858864 88125952 400022081 716360713 38886054 682947692 32892504 222171218 575759402 361046779 2045205 430325818 570391359 303811887 265661770 21819515 102046500 977061381 578681143 244217280 980415404
97
27240654 176816103 580861213 748045177 770284376 502470502 194425311 738262599 161971688 73997768 523625889 573652363 245176448 143139678 107820454 799070783 169608645 512213699 21010907 738020414 311080723 380530704 759481266 278398868 419855766 566354368 653235573 419172438 978746006 22862545 130659821 585910238 996693277 309514562 517943897 235238808 882150440 346834040 789851199 272698510 901912957 822929312 755785926 272706902 831600300 330276294 255720139 439618950 39125439 838226994 195129903 912516208 264883866 451198509 365802846 531404617 962155287 774765808 900128875 493923252 558181176 7270577 986679792 686859923 938863625 449602194 783446482 545353766 769283349 521068876 989721117 305603444 898274901 876597717 690586822 752219556 617813149 547966167 372015161 340098968 383142976 974786404 292958164 981589764 2870876 299939763 946424623 450396289 888787704 20611479 532849944 760611811 322452702 120717575 832137825 668252392 519890480
100
275190464 312363423 465410045 182833848 70225926 277964132 429988777 289979105 414506794 912244144 750329187 824749882 896482092 278194402 591909775 609635416 761855376 942754528 873517685 809657275 692334687 734866870 855902129 229859227 604887533 59048217 15567295 419677179 798771297 319537867 948300904 708040901 969393897 405225349 243706829 94956674 282423329 507688521 303067790 866158130 275079980 632375343 460552607 787413468 745874638 306758240 955788330 431716662 398944088 589109969 65502836 769616110 583311308 720807730 533045976 339133015 727025454 759762447 738972661 958817865 721860151 405522008 51465320 25302235 203521943 649687338 921771625 135511511 303515604 629096590 903091952 663539511 505063730 303293094 661284070 940782260 578830703 325358899 227621574 737881405 509139527 236914014 471983395 860186800 890418776 155395999 641960191 82869824 850225463 366262654 381171325 390849119 232416601 334170207 648131001 160877504 224119849 526897928 179411051 38367758
100
409041922 780650988 972751082 365670644 106790083 902014641 602838095 147850497 245238525 872043879 456657047 632457213 645362336 470634079 986658545 114340594 338078729 903736961 948850205 327664618 716839024 261624669 176913508 540469244 148553307 336965861 748874676 206998985 715632858 238752067 267054329 984461081 453566154 611807395 517424179 587241095 227774263 734218769 113599476 672868543 833526525 297672254 411580483 753599253 707300279 52400993 407446808 947778001 374543513 883257260 451399003 973729629 74730630 102512847 593301298 610624305 708805500 53217774 685835239 154262946 602152257 45706946 446975696 458566988 870867913 112579137 999157926 102141135 274567972 820051046 857158924 102162435 84186929 719442978 984838730 698662267 356070254 593197646 511606190 157017209 639772167 896593006 200520098 289802739 28594395 366232319 428007756 800494041 692626846 10028913 795878980 171365257 484717890 316458719 876907541 914120653 951201450 654324760 123756020 558457954
100
177675016 481873475 646913719 115720262 677312691 153704723 20422247 352884938 247238520 981648244 146707424 366455804 882244849 427886804 845801892 751422332 160507110 924911469 189396724 48000340 552913265 468826338 230714217 667587996 377268766 593674502 711154046 160237691 88233064 64874843 713015140 310704635 747559488 670477572 331435579 77037511 905262264 641316695 971263452 449378409 451635729 134046407 831060892 501249056 111329961 153449680 328649489 382790551 385558941 687788930 303511659 677477149 533118603 49410327 861853391 489892768 495146652 60736907 951283640 59609122 833523111 295434132 570304044 765706461 45470910 503416487 468772921 258060484 721910307 510071951 430074096 899529533 355577966 536730417 940325651 457263100 767035815 235018991 706566511 978315726 762608221 571387858 157392128 958567975 807439938 909513648 641295993 507212957 292566110 768718848 526902262 514226983 394696416 372626021 385706468 71588373 29997744 251769018 750395600 974674337
99
303229367 899977606 291822474 787408890 824349395 359350963 233129160 236745241 598911092 258791498 312878785 470158683 827568967 855934325 492288554 68538815 781353219 22740176 179253817 570632583 605015553 986850237 182458763 914866078 880514084 397779817 652273316 400819502 402462150 81624192 905297171 554107489 344518521 646574233 21672029 45729134 162950676 968021113 594544473 301927347 309412271 854054488 248580381 357416030 967840996 169524255 810338596 792129671 611048685 95652696 428468055 601092119 712119234 566766152 522559024 8484814 903556423 763165530 537439559 353885985 858695319 85865730 172098572 673776748 328416186 54064588 975652846 83829497 456095721 233869432 739906383 748234770 517219545 126835276 449243172 541925514 913209865 456801388 943975743 612401674 735594892 202624972 678922181 63474873 288281350 475078320 898686894 495030034 967715502 811108323 566520580 884217459 970347250 102129698 396368937 93348327 187686406 33559556 863000446
100
741126695 597995632 769547373 623291272 234173432 523464711 607281189 511262965 522005593 951534996 467103019 438478701 968127694 917553649 98774846 594305180 368789020 800273616 587820370 857453648 591157228 591231012 385572710 569343925 764631780 665584312 571328321 78596051 545775545 104444396 663798083 781475111 26858124 281291060 763936368 634615182 285381987 470133164 912769803 587215422 320781595 722805344 848523238 83700830 638021211 903096335 324686995 836525968 460610180 599320656 285857430 814696940 988193045 160870577 376146181 572707541 96468028 928816054 102803470 223613666 294800506 615136721 60678956 216883988 940222722 706134497 969610101 305434345 589800392 692442152 392703639 207732811 144382272 808618712 221119019 413766244 158469150 162270355 754898298 311238366 109313002 407650013 365872 171058643 908273376 423958104 498789467 338434785 429647629 571727969 972012766 140705930 663412395 247445066 929867375 974201568 733743448 262639375 379271516 155662035
98
277353866 442091968 626023793 41800169 585774465 68833758 671934237 499659475 656598149 788916487 168581112 241535614 51910130 262593749 630416147 876094065 345736927 610255749 259424360 571859526 131123759 477980275 520082801 514957010 215428784 21491894 409725783 34377441 707995044 630186022 30892809 914377136 870168500 388963837 709268348 807420031 847733612 228641752 345877700 104932187 334983786 249781183 356348658 7310363 666216512 928480121 549326322 694471800 820794264 473153955 572014795 300178578 622611857 117630864 844191776 666958840 705050191 605614267 187588273 445544807 57918251 655222477 838974081 432248429 335460001 598771482 723009829 282352861 611200349 554503855 861151233 936795494 168092587 413789891 495452072 368517767 294916013 182421785 875681621 394227221 950032351 328254084 904044273 775944011 917011170 939853160 487454504 565403754 661857995 715390514 322122719 731980285 531168885 884493232 495134124 295074464 739751690 947565050
97
17529031 689518117 423498933 320482001 70188693 771300302 229728459 551789775 874022409 449435594 685366218 835206627 942454515 622074131 516322101 150749518 129357637 549866939 413601131 47760703 46037564 241256516 21377548 287764250 192017494 392486777 738878864 747065445 35156254 684760035 62364374 395221201 675848228 971480199 291446742 999884847 618862010 772987205 694930143 446569571 276543628 759418306 701464842 371909538 500173330 659348938 437118141 206064008 781951225 286334207 472749679 524097044 738189477 891460195 370051431 547636847 3528393 144945293 79388088 24124195 739886770 829629641 80195786 102107899 262520128 535380728 63120224 840338829 929444840 902942323 288037242 61071168 439229959 557498157 394643301 354283881 575296265 884708243 533914732 852716538 554150777 379711485 473212733 872539874 208562409 974698812 947641047 190909656 108371667 663079170 883115294 284961499 110743470 390217040 391854427 646167238 634993828
99
619366376 805553204 772317261 565332860 661071962 293852067 241085869 800045066 644563407 81273099 415944415 134154197 400012513 186959070 784166289 536457919 893909118 457441560 299256810 287889179 190775228 437444585 584319235 744624957 379326658 582883154 592201455 186211202 392736910 490040222 71552941 698706052 493162421 649746099 248360658 372529138 870402447 459684134 7468033 824759895 104437140 718102085 403138954 137449349 58950913 922552696 215116953 944179775 797279981 87686256 482311129 695651083 117755618 13952373 823623909 704084624 482938009 912306929 664190539 431086494 469271058 487686335 881917884 325035481 907914685 159205110 209718688 461488923 295130052 886157694 619158802 276096029 418066834 847638930 900141500 336175742 624720003 118956469 778571142 385982703 989588453 871631848 594983539 397158342 333062537 144314254 793774532 995655585 156565428 114791972 338449182 889033969 836580510 663633060 436343116 236533584 462837984 744402125 187835026
97
891243661 807123453 495061437 76837867 936676392 860986621 50163167 702865500 89379349 517857874 864862435 352562845 176190486 238587847 395590577 540351783 700136952 659454450 216045650 780744785 998836021 624192209 853537446 610449363 704612503 649139226 639859909 626242188 891852621 686850354 221076409 641077569 74104678 362112266 9788006 613824387 253650739 622712153 869956976 221627684 213406786 529233716 396079001 938161183 396792610 965961393 213961218 693091414 692193946 30532864 529411451 203162350 38157504 633485325 66648378 942671212 216736480 46864103 603745451 967855005 858414039 349557525 459342582 838207029 865924534 594513992 221066271 697469048 738397094 355675845 575839642 348112905 789073825 691382547 746714010 13827213 357410729 463680800 877214136 759854344 174033021 660433381 59533333 551668536 606412521 505904335 233450973 474609653 474897585 597783362 200059772 580750383 849431617 322095588 90955123 96775981 407127902
100
476586714 850721491 991331715 930464582 34674946 696640219 445449844 457701101 838029019 504535896 759089516 79551708 344705942 759528257 1156967 758519047 572664217 732457851 225526670 717393727 674548411 33397966 260865370 846129699 668446205 922275304 631591253 274137258 383654705 704405837 42326510 460793479 640081554 859116758 765461748 25490428 585746907 85526126 26276784 302123147 243824405 496693335 819348749 950713592 455592092 60451417 46086063 783038607 417492496 480798668 925515461 787557929 119352647 791854229 822980657 404434823 585275930 658931375 811001958 494804621 825894614 497553741 658266786 682222716 420418447 414311047 256025156 885371004 318985927 232143769 917700207 932127659 284356987 202308626 15083657 504302256 316886949 233436150 174805628 866303206 756116556 187045859 827538420 667382292 645485460 512074246 363934657 529196099 901940349 391338709 485841965 820446664 789721235 111198383 894347718 791864361 470378960 655340332 643099764 173555576
100
951853939 893267302 812205794 284792247 621065846 232706869 16822322 205438260 207369463 710935696 861686583 141033687 216198687 702705128 895958299 575523006 452230763 412525303 351641269 806300491 367280232 411363296 537209367 918678514 291563435 336575974 68365627 575438069 858734606 882921540 967705789 163568440 529138830 530179879 746395442 228522216 4662881 571869508 298659114 523461416 791938377 619014133 222073979 533154149 179837164 589016431 993968005 246814267 980520123 694720755 961324606 396490367 87626239 827221148 65113884 782718972 733190135 604897213 169211224 316207051 71697892 557748138 80316381 247040960 311113148 505739902 61932594 172010711 421260789 447672025 592225518 428846647 781740220 650947802 447231656 20588264 790140274 355539680 173567163 83751913 519734621 573447515 827773229 209032962 839668136 356562246 825025197 596143824 261476498 113859546 640285567 252613691 504550267 640296198 286091326 604075720 613194883 570831546 774314308 334713312
100
878086568 341884870 515956196 981780543 640521552 237870654 113359428 646395088 307233223 262950710 686222697 34897098 525078835 497482137 906400126 804358311 899166943 967960238 546946722 174042468 881067922 396346140 481626386 152792175 708790347 834681314 137102421 560371481 186180817 959878176 682816962 75417206 261098408 667067297 309677307 694621425 440652752 161173917 859944573 882033792 308770800 275425490 696252774 561428166 18768945 357152445 57389471 62048318 594596825 920212862 702094504 984320283 218734619 832339898 966823215 968748443 164771104 319961279 356487264 629579249 218889864 428756152 770713520 67094789 509027069 885232729 466588127 754282056 495851562 451296379 399260723 977528554 500111289 367537438 640302001 224057149 891811781 248715419 501033027 85050769 256422452 97133300 582754232 755908634 80234300 965168762 528926717 460185518 84358856 864567686 319453849 935854148 582942927 525473889 698139470 517831697 888731382 607896628 950960055 393559089
100
833804449 859603217 814586488 176159629 357699474 623348662 832405106 595857251 530636941 717850951 614245707 456164515 597466258 395334413 90851915 318902756 66414825 19555084 981414312 184718294 423577098 159253905 54694048 304682185 139451737 833918437 73540784 55687925 582380615 971605186 404543613 977994752 40580126 127605342 775095565 896143781 427595298 632174228 514806155 99488697 263418626 386829120 735405904 86733070 24773419 893661655 4653023 156964095 703347868 389194379 156285452 85816586 210056361 667146671 453339200 932119187 56215055 333147624 971330381 96747096 246197042 663783421 383579320 672529145 23995535 672663576 984526380 404801613 308958705 484188294 797099241 63425439 329449715 715729866 628146393 629693519 809741275 950980771 321968701 92871404 278639199 500898142 601984793 608825873 970608324 86351605 873252258 439501224 7911166 991272702 701149152 138760593 44802218 185667866 201511806 859494358 741947994 322518224 89187531 56645577
97
394562868 563895046 159241474 773759801 911646596 407345948 857797037 577401894 101882610 359330430 661897266 910956495 805634769 495050256 117133227 150588016 918662312 433314295 821700275 535554013 696506712 238202062 604131311 706574996 109740931 635536591 987256784 891706353 383372713 931102710 312771069 293912255 970966792 763895379 423168405 522710786 141510772 820092963 220746164 764405379 357000338 932135773 58174731 640896023 881997755 858604496 445203715 236906382 910055752 329806718 512660511 933140505 937794631 123855243 449383966 519198673 557525017 246607229 741078253 392063417 628709936 282986216 56031250 180598099 125472987 927886869 818216405 92019600 320274841 69476627 406477227 643898291 946014882 785025351 288070318 417497284 661271348 436372043 665409810 208835795 601945133 592869203 702534854 52179799 543894640 27895923 11799104 547454462 979692879 434899838 471185809 170110075 804832251 289699418 146497001 993163293 699226312
100
998534970 730714137 944325197 645335419 799383719 534497607 513946864 275136149 270802258 454257736 36180149 455342632 306830378 273092352 832785784 772428630 791216702 836216143 459294892 976483328 949030878 394531993 551973803 443311748 146122048 559002531 155384051 553761032 385539289 419941602 389506478 915917269 158632837 10496034 111989709 159561243 974012157 856960828 956232208 769520880 55804228 745425353 304473056 781774055 580195483 296143191 699419044 641167257 860684777 848630883 575291946 417991588 529447556 617473067 791394330 32450304 29556972 66455587 499569771 655449209 344859120 948896977 786840099 827607651 169800724 36934289 572117529 408410357 761045366 713749404 847570022 472523992 121281049 95559567 332666514 181365519 811111834 342777584 476333537 639192928 791961357 86371840 73727068 791474671 398719601 447092097 35301693 489280492 149304239 160936619 505026430 603870283 912399926 449338011 429331539 562687401 109984138 361509870 58278887 819757047
100
465494622 28868548 159453354 212582163 740882991 346086435 700237111 219239895 954743508 976134399 828032946 408542474 935326458 702140779 556073071 833739419 770888581 206537946 639645873 940439010 552188798 342165391 765726955 653670374 472233018 701287012 103855726 80006620 502111559 922968577 650781149 571723789 963834251 99663822 789945955 423945575 435810047 670993446 713661969 669939210 645790677 828335240 579285722 356891828 44785310 480780735 715066797 215870078 237826560 174037200 201027603 459953317 405143093 195235362 318056581 486106883 737639160 992029980 311635581 110213621 689843213 694747365 384318160 633391111 521992722 436142644 163746510 613445783 390242655 493071996 896020542 670007446 830241820 948604202 199655548 838540394 771527251 267513447 266416825 204177950 544927976 60177833 534888249 631644383 428316723 962438283 94200917 489507965 985987389 662312800 571128199 999148664 675001744 702272434 582277159 902921486 753305386 898700938 33034043 368731385
100
558299344 786430053 703251758 171322228 749388602 774633991 549327012 547103095 917578579 285425206 572462661 699404314 295676710 52333233 369864219 696373850 741877644 803880158 700213317 679750796 420369025 883276607 109683250 591887432 831171515 680379614 748845265 683028810 104370909 649921652 979801994 267793522 824563203 142669943 495236118 657233380 462552971 95164856 489531340 448573751 672583506 562483471 587752621 583661767 293400274 781948192 138241920 332781058 927281054 732638148 653781671 802417116 932829905 223718345 197843976 610272318 649035857 448412007 878971835 494791123 791933509 499497817 936885035 550687761 203236638 221425361 248061614 631734115 899075177 615779407 394910523 971862355 248829408 85540901 693570550 8001507 685303400 32634676 740275400 161911659 419471838 649770406 707632981 534921781 882890461 60739639 262373988 416817756 980239418 345886120 323810888 761774854 717677853 55162200 742186157 758308426 882043477 952630774 10611139 635287085
99
546978786 636410385 768920943 429590143 421728758 747798050 45020312 295328216 123570825 710021816 573203497 815716810 865717579 744584699 138866218 602481404 246515475 485626447 667689943 680318533 486704746 453430922 882629632 845004148 518002425 232160838 548783355 618245833 261267839 657335283 645392686 715571432 449706122 886114154 642800066 654635152 363514774 540151024 747208968 727288084 131682097 370501535 651892132 745884271 819152880 853490428 98537340 79660950 467875685 276946824 128389445 261400503 156433215 558209491 747148698 720637252 365510984 507903207 525195036 566708532 785227605 9931 92444823 281778127 206376291 61575570 392634221 966954243 956278415 425022695 27697476 100787406 167121182 753362253 420270339 392233453 176071473 835246085 185165757 73012671 119172131 461883111 873981042 201154258 972505736 440080454 884989755 322987661 965601975 450465460 178504685 521635357 838852823 554492603 354560940 621203979 804102637 845414684 755742970
99
61979087 450740900 576151585 881242130 930121373 772585543 698564054 816113052 983556543 285822366 313965603 889490231 316460067 389111377 576278768 244380920 583604122 980686105 679378013 862632944 836145721 772446858 223676504 72273435 836473828 710661968 511524959 501205942 232207850 546867709 783297623 375210930 308571172 980519524 888356096 361154676 219039228 147504982 799655435 62722809 638785744 246290001 294768822 168101732 320348918 853479951 464002677 8270002 891773118 893684600 9159147 505497231 636698605 203736981 839215507 206112788 590109537 650261665 735832916 420307432 634738507 76146119 268994748 98695561 674634784 14599395 81082180 790428715 625081150 424469558 70107261 415019937 154817142 28834474 828691417 167321039 353908726 272850447 983924540 694373907 243937714 661180768 475618714 934086221 112809849 925952315 385108418 116752226 107968327 351502755 66321287 435579331 163620211 54890730 860894311 688662493 255587243 499572772 344444404
99
196857083 792413908 864581188 400475169 241220007 595445244 907801643 22836811 943808082 68969909 66752185 239601447 512164115 960512849 794002538 247061666 873844829 768446045 710312033 991601830 149595000 338173961 592747738 690746620 224947228 151115926 8916722 739137956 855413719 96417245 361292830 545166615 292240378 941457012 306899137 691937153 36885076 141215172 150970353 458266947 69005665 466922554 561537031 627357011 571386738 109153916 117814191 839297728 991150792 313179891 81038491 577814517 521438528 546240764 562596058 137810950 17715350 843051216 879393020 249557794 826375275 829106495 928763587 998354716 474815891 391666628 723570504 489319116 897918099 517075525 851299712 295526579 394264761 522358580 253256652 187423752 727572468 949634890 138772113 775086101 643178312 436467597 171475154 277444603 928489363 573960896 879489594 237570621 984207040 905356828 174407424 423398165 602976278 501448165 846710304 630095505 374029753 51153967 379053667
99
538346399 799940853 806440106 108251565 597922747 19354507 673975733 767040004 503391284 380048914 424775246 199190617 303797211 380260783 944052430 643349525 824812469 93159755 281391202 134707373 494659107 912539742 950362331 231180814 494303036 560584893 864966488 400502636 256435488 89843804 932232998 175797332 724966296 877866693 255461217 480695719 981152784 825735652 645038355 363882085 401098330 495291144 361452392 766928718 367611276 492804809 174010368 975977702 315121365 697859776 994169130 485965023 349794109 920545719 397146856 770752924 441190100 611050579 394942140 421340989 453451385 42563632 829626099 335035496 974905695 907220902 921603298 322620149 719933599 571524608 145492417 431331166 150511030 959684934 401754045 617109167 212572952 247188708 281273745 73279046 775139829 211984549 579325301 953963989 369112721 324253523 972917685 580685980 982068718 372372833 375486088 359984119 597675192 13267273 346165567 57252762 175367042 111873812 71136533
97
93441256 998783619 352786420 330186614 688048752 776051379 134874385 344401408 754489961 581719823 299937394 642985095 799601273 460687083 28328947 601603417 530397123 529597114 611020221 27293732 662999960 166413149 533185566 683692745 270235651 627622201 262874588 734037638 816806448 899730317 218145514 200083459 520725980 955284223 689610783 58124177 963521922 554903312 656308986 197344477 744817670 130827638 199862864 361764432 141215871 221982968 980131230 905786742 175897308 9552001 947802754 945727913 689586304 682159651 939503002 815580336 906662816 720338630 926927049 658348664 808744379 705047447 545783505 447404118 982902550 307073994 622525183 831333547 900734548 817488098 99016965 942205225 805763575 111748832 72783741 344679931 108008314 638780665 762688963 468919729 702774413 963751183 163717340 769907081 49074477 700456733 278839671 802879560 909426272 603353229 358897957 837524847 727577245 23928807 253600844 74247562 26852190
99
888968489 731220408 572807431 640957365 826715254 264481770 156538474 651659545 781101863 245439326 720347440 908062384 166745564 176739373 727662955 657913958 878747494 80285199 398336428 239316356 76173022 966844366 402324917 557564215 999921438 435625921 350206602 218658571 474159480 436838693 13181917 852354349 441353487 470111372 831961442 866514900 715609744 449677101 260848369 314295547 691065012 611378573 656550257 608530552 153979741 351750414 146360305 5710171 328430309 190635100 896940896 714119795 343554714 20072281 872405354 914679705 379131160 923037604 409754990 177554590 618596862 307432205 244084999 411304904 837458714 512473788 515297335 317480238 525853497 638313036 809421448 511628918 335634110 197549098 244894892 338183731 646383227 542522510 774178400 730559228 103389562 851863591 588035336 380192896 557240040 20584742 637893162 396408640 146805911 121360072 695506424 696772051 882292757 420668248 153621410 456271898 104738410 833256470 714212018
97
720650841 48641992 81458765 804934067 190716211 174388291 838495835 875908165 247122526 905954608 59897565 635536879 215564014 927661850 487149157 500028135 864493638 610489469 742748458 301309986 43342633 850529215 448912765 106663705 863557952 270774361 41354340 22263074 365133984 478120367 631738803 459491344 361708880 102390961 26627690 956689448 825178711 75203224 60095860 242569820 103684823 723840541 37267054 675468791 870436985 490297292 245403925 361604708 60584629 213119609 364412799 976452407 20340577 49257342 903088604 529557675 395686821 606442608 993532497 949384755 772485035 620878070 588402094 833977681 589441436 316166788 505270127 945008780 222667636 210257718 397947397 384804679 904911627 969873830 686831603 635943447 186779274 379017319 647871653 883594228 187616607 196338678 707972005 203837974 711546240 745455230 229236643 570568150 805418699 559467740 143933618 824571029 137124810 261052303 979661023 675553422 569180733
100
80228454 301334990 983781181 13865324 312265403 669450100 492016959 240252988 31238551 820683709 349921495 642468123 75742705 475049384 180211887 592081173 851327019 36621658 825145478 606395421 342395219 98809244 97609074 208340711 180006452 931954169 870122414 233950700 689991789 661149559 699556323 359931057 459764617 699216740 410201265 558735636 12491365 828053101 936553969 335375571 400269591 760210277 703919752 241304776 200708943 335187872 75346692 923918194 446690407 544926427 835483137 39586663 182313579 2506150 385032460 311432779 433799611 187172917 564261617 676330248 415243087 658659012 775412398 967877701 872674901 374646351 225245498 677815335 5891365 806606911 896097722 28851850 930176318 243886404 900674173 253156556 259335223 751823158 774570942 181491520 879449064 672373608 273738893 566012698 369567466 598803621 880382504 552186528 590939222 635474051 718373237 966725149 575508764 16639272 32796875 755815340 500736598 254159725 336680740 762477531
100
360646110 943108842 297661430 203438931 389709450 59352354 661105140 194363834 747628021 862533473 301193903 571806738 762894598 353840104 834980087 795649962 468702103 476798466 780611326 559321031 14026331 772446448 243700536 566330696 973879210 195835632 884301708 739307332 252547716 550332192 347477092 296799214 661881730 843641291 514602644 248701395 314880443 49444684 760342436 819967241 791766662 79892648 703818826 303650513 601859551 776431673 684355466 855588982 51149335 954547405 289290904 276599823 608183914 786045885 610192770 829048169 639723616 741351441 469926571 690857468 881525351 211713811 362823677 427952761 970074370 224669738 593055829 359375585 72111782 740669534 609103077 255662777 125642086 608988145 84306267 205566715 764552636 895530921 270001798 973611568 613791372 438755095 324521639 56707388 737868175 391440323 339970830 661937250 639108525 861435395 477257668 951794137 110513965 656583896 20738980 786057668 536243150 647941081 435505910 802684733
98
882956295 393951684 803244590 176394426 297790760 367104550 386403317 13145575 579197169 618548029 220629523 264946209 720705514 24421676 381479496 766800704 758555552 621731620 90171881 939426329 163550472 209739554 76399344 961650309 49803331 460507196 859551681 577384370 133490108 507519932 548542496 509759201 647399148 99292317 999942598 501855390 115161518 300067768 934143421 126583482 915859374 851335968 233532616 948107337 724307706 139137600 186959422 46059689 975555821 233909670 526009949 532909957 605305410 389194630 885033061 934896811 766731313 87505298 490590473 476696396 65647129 250142276 175528914 689615184 674962741 111143074 833541848 579018070 869225437 91408615 852285761 304757481 710625539 36681301 420278295 674515937 89513456 725805714 910265220 590558771 732760302 22141705 900799536 320455870 212586267 138734796 167898030 814509522 574873634 616059675 650422201 793290611 270987637 361403850 576371442 423521165 970857351 515686020
99
405020766 499323068 629740621 940476148 608775688 492930248 957273804 946453632 677738918 214286240 133452584 82494655 116765961 777545538 283749014 9822329 656397047 458302564 839825855 761293069 660337232 324038009 523077388 612821008 319304918 576358071 906296713 395420488 386252829 726351608 22951794 597153378 421938608 7850119 167400422 288742694 325591384 58272975 8951967 439229322 952732859 585536952 478532110 845231336 584841289 384623434 442071895 360162943 925048498 107230700 843217736 892063443 583229316 160760615 459317806 364834101 883481054 228159579 299650169 225616777 21511515 736338034 734300585 152668285 188015912 772728659 480062965 16108261 818891880 436507712 456511600 500440538 842744658 104005845 873375566 512273547 946924255 341890785 959369193 123097216 408388205 933502024 207595329 406483655 682901569 789854036 621818077 286253718 921959820 380391383 969006014 698841769 175980587 35331365 109217476 767562840 484271198 535983112 560647510
99
731606028 538582246 133342948 470475893 272683536 388883505 255657080 322018818 34157834 666726069 354995644 204675252 580544425 173189571 894011313 593648395 781179963 818777391 868311444 675924120 82168080 804106579 672831826 69015215 526111084 761182960 975042067 882799199 270097793 173085871 210967850 82545258 157212464 149862176 236921542 938554268 31482785 742279673 353754070 700918381 737088007 787508313 339716532 486028366 793658660 398593585 635952915 511045310 388062777 350576704 200323203 763556317 54891102 337230489 803354689 439051985 991769841 958309537 256309004 820662314 741087298 717438671 858765861 56794463 558692172 665485659 599883381 640352182 365332886 791987492 220973853 306192273 516901263 160905194 209899624 82065347 963616243 760584001 633967222 951706393 511152556 932715299 37407729 860526215 248850658 892294979 451504596 849512228 616471929 144146960 144481960 242656094 997605462 298040311 26958805 210719096 127802205 717583988 621554275
97
324084495 855041271 668927321 509493408 325899555 855115060 384633886 496591620 460594635 56438522 431072255 992203112 989486310 146561959 168516176 247149055 123290456 675825482 308190363 395788331 734510405 182146949 361836186 681024960 750049314 973397457 600377051 740025466 589601870 377155179 129899510 957307186 775376590 991298803 598058403 876468188 845986613 711903407 85615745 427404731 38082179 78476764 689890141 176931536 148311405 35177994 394943698 311255072 535240250 662948334 464133602 658913028 991515686 729252066 293456437 899727217 503483014 508797644 251960239 28809861 279363556 945325321 942740892 101065657 736863361 127850624 176292534 345757753 874806600 991977056 326710908 109009779 405200729 842059774 285932810 328653866 32157820 345270172 398030005 940468104 554059572 248103684 994914931 341209970 71594951 196016841 667599033 865536709 31462744 445009372 197542167 580370814 193928632 949916879 449390889 695085116 28732065
97
464575441 390162894 10773635 198728810 599188779 790228044 290246014 737079290 146575659 274994444 8563420 951077142 175710621 766147666 607279851 663721268 704653763 802445923 252837141 553579137 69602183 433881291 331903221 525676389 435775272 848485379 414277387 608946737 937330348 361152477 256416672 339157390 723551824 986148322 828306525 775066310 754940972 164762934 247389922 265439354 488191736 943115465 767714650 171611226 987504008 223860978 171042302 826176663 219120238 670459414 220689574 990427073 847202956 588828235 903559256 418739122 750700700 562925725 699437940 211451070 954779153 412506707 740111283 652184543 681264454 974204465 150512048 617027413 142428929 117928982 272074047 159570382 426685599 954974675 706066346 331693953 897973588 406342980 407884967 399115282 241661616 932495517 535280027 555439147 24871370 685986247 97396111 273670310 931801218 211535824 988352437 804699240 798876751 125334971 541094520 102896960 915142879
99
741872730 622358972 995754661 638919604 703646591 199863023 703428576 71045049 544155701 806933602 665842675 564227896 978298895 488560006 915653879 254779314 413145 185044477 346454592 174208729 805922730 568789278 236243573 794013137 969346357 77830124 792788814 542581001 358696258 930936127 866463812 201813274 597890242 632692178 115824598 806154496 312016565 553282531 351753302 441586527 227883820 610698202 833971828 92463048 267018821 80477899 966620381 672440477 906321864 405309641 766930954 815098007 362254523 866497079 579581154 452779828 263276313 808425904 555493481 106419790 474885680 572437358 782168739 565365163 745155819 669696587 80631688 180107082 363987014 908280971 886494979 764346329 101254283 519688092 923995102 872765704 549297555 803834518 464625645 716617098 265809830 793548093 751846300 755742989 342764555 247112166 528068719 589770091 617381875 187422377 503305478 340578492 39701117 244799457 30981761 989336878 940098613 9743447 107609149
97
403437308 207620114 473951183 65843169 755029626 119073495 744185345 247804705 360786178 820313340 894170277 900157115 972050972 92919688 763310507 91979118 598587883 396657109 557158763 432232110 204940965 830949812 689338162 438176149 382792510 72563330 846889120 665322764 796565511 507130252 590561539 450097467 58733838 58668404 498497424 901837708 497547608 323481181 702903726 801916268 804176662 856264661 504791105 985239653 139903656 151114806 577616466 450914385 646939378 219100114 510936951 336115363 988449771 974081551 795733990 119287291 378557169 271127862 17494 913522217 759477246 481221671 88375252 436908681 10476741 752121278 183555574 541034110 386739939 102957409 681486516 628890730 604794531 94171412 422145961 511989066 284743246 775753391 108442396 76365442 440876141 778553843 76746695 576929116 103993282 563542105 788831917 707888730 64684245 34504332 57717638 280222919 761943872 802413682 902691614 64030339 604468664
99
146089084 620943685 27220719 303015063 552668373 280558674 600387607 113288415 76199798 746104767 919560185 348550231 32453155 122305875 453520936 582081676 431158837 961696439 790390597 704049243 190322290 596273526 380244725 66741329 511689830 613724769 892044203 658855316 243283933 755458924 130197803 998995815 338505660 773091763 948592911 758481552 668263560 352465251 53737975 212782565 44610302 173296587 852313645 886199080 241356224 58439878 472348502 258026276 554585496 432737984 832855033 813112117 583802702 74597669 427089408 717169324 789017220 987844578 721753387 381098555 483777144 487571092 276145445 1113906 714118043 129828160 107664918 356997081 338742373 232660266 485152420 18685594 246981056 692816854 890716008 150442155 952128975 333522730 206543175 74599360 359431382 680007337 145855880 506402007 882517969 887490837 238488084 406648112 612490311 96022747 34742238 288148630 167432925 768744590 262222204 993799222 790790233 334868899 577784572
99
765325101 825553327 163427860 203086649 813419405 288579400 840112507 589845224 917135602 145428051 536876781 433376166 602485715 890700361 194600268 401904657 26754614 558574881 231574926 885369424 2622925 306596489 1421258 213456628 130309859 348685732 401345692 145971701 999978649 531188416 320987480 635617200 8332274 109219006 262477663 566400026 171372179 968490307 354664872 983290718 421828589 751098579 182145162 695666093 141630280 861198763 911875952 296538784 472023065 34800676 248569099 558872896 604467391 237437881 428435014 272981435 131342908 853170818 901521561 389420544 555855011 592381886 437464131 984937445 561004911 547255137 646253410 462661094 333703010 762022997 187718966 751412316 406907178 415094682 193613883 190073631 802233803 457102496 200706103 198195801 64112652 146293588 594056489 116564490 96952629 445181410 196102244 500519334 82558811 224652833 263096958 74970809 676266202 211606378 243246829 601934875 727340196 779802087 342991046
97
295412290 564035977 375278949 975293489 283903057 560503442 639147562 676614773 84792477 367705861 515541449 546248327 847884744 271253974 337814234 373580183 725636781 817102179 441878291 926687221 993083039 33313352 84832212 959277524 255191547 394393470 555595833 724952658 771099410 398722316 273168162 976151446 295031636 844643108 335789172 166093590 247352227 788332668 538330624 546708820 980416512 727484423 265960543 366996850 113606370 865202979 270134957 547911623 624366683 554022295 996052213 821576552 235050371 742768983 436850610 375856129 628849079 269805138 795611206 697104173 4327950 9172392 17453065 348609697 791596215 649845686 691590538 664651761 226626533 656986374 32757447 669839619 560085601 693882374 36942124 522256524 532399552 573044239 961260664 656524767 846642490 632085991 77279799 104001214 753064113 710350858 54157546 193009755 514293908 445735148 918538532 512415028 473325773 211944374 840475569 252539460 676429891
99
500804220 116030840 555194587 177430667 559331734 298082680 802714136 740508798 485023853 901479523 536644249 963700333 862311934 337862699 123772547 773691766 395944506 383372205 524043763 790260955 38978833 376719355 43926365 588260750 838494117 771618 929157312 431499314 757173056 714325009 368125791 233867317 525606471 640065000 531942664 290581481 726777041 512315281 582366290 860162258 218610341 579389207 339108359 171130975 543147521 715039260 179145379 637041742 555146567 802158666 122690670 953604938 590496852 147023256 553241860 143787696 58315612 815795057 882681108 502566871 258165658 193728213 208833230 263627273 50938796 756021327 316279097 410975862 349467329 481489478 330055331 655048501 184889469 300960412 673033872 186559410 887689464 172367558 144068251 466879833 966655563 113185449 800358058 95532648 528303213 235477618 657303516 786270489 844536030 65555564 766560115 989832261 209111470 598221184 949957279 377473073 290150726 457288585 941323232
98
52076094 729391427 464453575 366116491 452771361 18008413 91101259 891059963 9021679 78595438 611614694 946977316 159645052 227040760 805586986 141908679 296804643 591707223 177067806 849419812 772823518 510849356 953977323 530724468 156503429 657380103 285811718 751369122 168088521 940100792 778227058 942428272 783062903 214483774 109338263 577031549 16136848 534430032 381800777 211094732 810122192 455753428 789746200 732060881 661439810 22231131 137578376 883105171 948369592 245147992 148879757 377579791 13087042 955376931 181180843 929190909 377871162 484219836 226949970 495102473 500714061 473790447 395568380 325543668 70226739 632373563 656438526 334755139 20718747 271587031 433581285 57666697 688574005 398327952 452938626 282316591 499474496 477480097 361763728 123818815 922866073 348667433 859151830 899144267 809306190 658336496 66851355 252182074 872744772 924558359 544614046 103995822 205066206 468839 223968459 255000444 750698850 798776006
98
578907675 190611369 583022307 432895662 857281386 440393494 546209646 666875434 751303478 501048076 167760455 812967904 352945080 816880557 996996282 547372202 200919512 816834808 272011490 328558758 692809517 187100676 497256100 434175680 85423013 205284571 565693995 857937693 62396040 495338530 126692627 345795982 324338457 938830841 477747509 541686464 924039842 898156903 230848621 576841811 324711689 144987052 604564004 113429506 2926718 886545140 561325154 135449463 946771725 927280811 240304498 718412352 535281305 349646209 79811693 436176884 189271728 691867918 276904240 364856806 101502490 47001323 492926689 273066787 58505433 566603110 287868655 429172202 526750152 650352953 666295174 76901677 850884413 687230277 332654049 875007372 946078981 804374456 347755567 49936732 282271857 138146504 189768585 212982031 768275940 878773882 582778392 786245055 417510792 719692696 278724099 792326042 163282716 936284042 742993978 949288226 401359053 323573011
97
13386407 442464228 515407387 928150933 270853336 915556849 29276396 340867456 135895938 328309639 373965978 225174454 413032108 765567484 822249819 477556208 52679386 40476555 756097355 595896510 468020709 40827288 647360593 609215648 251579877 276798641 30415688 495391762 748491021 154879642 496498610 321850066 556423806 317097104 172926448 353143030 419918446 728089904 455001203 377442973 604798478 355691523 931463476 841581695 875051890 971135084 28943753 359880710 215486538 482719857 303165939 309665251 615296100 165741818 22084225 842525345 579438412 807019971 966745634 51381128 615148769 781260136 49076641 123222922 913758444 12382212 962219961 6299669 151653449 674951998 483458707 212991577 314325071 327397565 60767826 221237217 859131360 336087552 35343995 903271709 942128067 384880340 852837434 761145786 524890480 758470829 421604024 519358950 782915671 849888420 959345787 597866488 841829364 225183326 475865800 246159506 687389451
98
115067713 799465340 31591994 641000165 714052797 294417131 405697943 56302161 723567366 695890250 153090274 657064216 498580210 405545372 69131845 728859036 255524132 230083163 480830932 560715076 772725869 112657239 221476534 579528060 252034689 766660254 505492365 536998317 10960560 863138047 902227329 893956924 611864263 929649328 475580915 235509282 873506878 17454480 923803038 267244707 518826833 119219092 28669786 818589655 177789150 589234376 216420528 450828170 333259392 879646025 910251153 910754453 760773013 64571558 299839984 596752269 203261267 319843791 682016801 845820873 922038198 45918611 381083522 228579975 698148889 172798786 444422611 713880205 970221584 979688463 444089893 185859717 616499896 358727602 253180537 522173606 538942420 248244416 26316046 367575057 931205461 658459192 677709215 748961338 467904878 245605240 342266737 685798681 575143049 149798355 764777537 128450468 124517304 894215878 679469613 722698676 115863494 507368395
98
464473626 211117739 208944220 649175905 611758088 263472638 39540176 17177418 614618987 222487192 199993907 959091761 344342052 894421177 805910237 83000505 566156929 986887319 139046874 915878063 289435579 640553574 652131625 39822573 525319658 470152794 645761666 371230277 832402116 792555461 703711042 905830757 853953063 918620065 619371545 812797065 738660764 2913752 407572217 984785024 649520545 774682213 729835380 936260373 994713351 250891396 189414705 801092599 427868063 410073009 65034625 797227340 301843900 353609592 991094754 625589228 870515173 552738211 53014540 62062828 447892673 929263910 556024071 592385763 112529653 86930214 309635647 363890670 400294272 659961628 355694506 540019965 211959397 295603064 363102021 914831957 628030699 317688012 266844168 417824878 853095890 140393217 64525020 770662325 425419694 599852501 542470339 327729694 589335295 199879595 13903496 520297055 397555217 63337228 84430168 841111705 364208186 342840398
97
897684874 591693320 34232308 861863054 665510995 393012330 616772857 82607162 246090553 663504510 464453033 612249479 867762919 888420021 528317270 79012765 421905315 689214127 873919164 773816979 538789958 422298683 149227514 816662303 133441184 682954831 953989806 852701373 172999729 639218830 163741512 651882541 895261215 6482545 8990868 125341933 413435575 875767783 764595139 638434037 572740290 638069163 540240465 133093921 899005888 924932025 247983222 363247364 354981436 967645984 523720370 857676148 278261164 742672336 939681848 474743931 249255378 203343091 608606287 92067311 662843766 354123887 126268048 445399989 749134700 698160283 336306240 103508555 783690337 588949633 300366652 225800624 754365157 514556941 711580588 376347621 609941012 210925261 362412531 461756648 277939783 379422811 564452631 682131944 447977522 397703151 906604772 559714741 604991294 472721891 210656521 657292069 84818271 682367798 804054457 264889551 342084102
100
860613577 836481917 906943060 390548663 543262687 432030638 325489572 672543951 101030981 697856627 910328045 272470963 27066828 425059851 979828362 961076324 742887022 874968357 324396558 476311776 96391838 711631443 420506281 590956877 389846753 504248168 101886494 756737261 934651629 203765695 556807744 400546001 738673192 389210759 782086630 789061426 903902863 15291678 298450268 686940591 29668979 132854987 33115956 32202602 547911748 895844116 683257526 129762022 445703373 211895349 996531786 991342622 169024540 589256651 506827545 264897039 3617624 79994322 4300359 929662005 221344017 452384982 536850043 282756281 642744219 576108222 83732426 459923897 809414508 398835372 918082722 589199971 627413032 823168119 927163128 410521962 364948760 560758626 493080235 310757953 713656649 157884378 986218005 586843733 112905794 708892404 780246767 721001507 511562571 904353671 658717892 257204814 583863759 721834766 608134591 150460179 991027179 517598435 167615374 34029015
98
357628264 469062720 274165604 732987052 21890752 828257693 93463568 389491049 567463323 218153089 353968534 596508807 279538582 45307244 289554289 366317995 961997733 986872141 554050113 524379254 844315315 906003836 474454713 631708152 91351334 197338310 267735903 618160582 521976312 941363101 339444280 498063952 837233033 451493809 79148337 581094055 874705188 997412924 968269142 305847890 239008463 892174871 965188334 468322633 923553382 113048210 295872348 730146648 242734055 413656505 742150233 946815664 81408249 265766755 938210288 2369466 690748309 20602545 521064140 569677641 271193167 463466133 178931451 22964696 668830250 584101654 9468083 779495863 28611538 619260546 459005377 927351297 310485135 818698106 680199561 646650880 197962098 233871309 391627661 252428710 289454968 777401578 556467400 959790448 431139468 245831767 450267017 238020793 952260986 800360250 722299813 944187940 824199232 661666753 210827624 277983196 70141431 629915526
98
675173785 534842409 764582122 707487309 12461460 261835654 676625780 257233637 680701349 326400073 175272416 928176946 964067022 267022706 667774396 647800875 129748005 181855163 817616204 943281156 692674175 58826471 525567754 877923256 384566787 584699350 677643009 958625891 785096574 646456752 560506294 525549462 371583936 893356880 38357053 522105252 498795149 121978163 633481888 350346233 72147251 371802983 273058707 815771744 513930735 477515051 80997128 2313094 790360664 153892731 140254292 202559826 928773482 210576565 5660770 110476547 460923005 450711751 201991361 843738951 617054826 823454333 193584886 104189314 52021317 642222004 739261997 228368474 194173569 810500856 103828982 904810958 555227626 271584285 219620552 308733288 420486980 942213694 135757351 390985508 735399112 626754582 461106350 240211987 118254437 83932115 858683399 360266722 497402201 343203137 319764728 190506876 941680311 131235994 336250965 107454600 551462017 634476909
100
679985212 192860 644095373 949922095 119644561 528899050 493905473 154646252 156949950 281569089 757782060 65569819 228566120 851305449 137583359 576665316 791977705 554569570 649721264 470935767 430530682 747079098 967180759 850270745 907770231 525780149 96934684 468242298 391905073 290141234 352785197 298435281 67969209 883650795 731514209 911547869 220627318 960237729 9938831 822194111 221714580 968098132 687389557 15679250 350701881 916687345 844610184 228780700 914168240 139020954 534782160 238764754 498612519 515179719 758518869 816602223 90499343 741184359 261867572 727213201 670919756 257551145 838422726 634036105 439017046 340097524 290669958 145745432 162749296 178255792 160073180 724229464 378788385 182296831 741230338 320308740 524824510 944407560 52992855 511617269 985828432 403679963 977839902 988233758 32107406 469312454 520849985 13262605 960476514 48640934 639518011 974560098 812779127 694318651 620305519 256174121 375353489 57996792 886255391 586814393
98
522101637 302894608 271773948 716056373 102556116 887778150 586587639 628117345 99767354 816213607 380644010 574447421 339295325 510606470 320184661 928842577 848321986 415531414 383824559 308295042 939540685 898652882 532662318 324321044 911332991 220843917 461888848 561269606 870375887 540999174 801387655 431714647 809997662 579645178 900674285 195368767 841284864 301886755 100999770 478253420 641086531 148983895 111401672 463998318 890363006 237491816 278583476 909160994 813547333 905874867 901211818 183495510 21302417 756541190 662968088 19067722 224412746 359474221 554616599 549202698 542111428 94526217 348722548 63654668 332479263 954000815 807713393 301479352 106916896 726112060 357382178 641554055 51013398 176978703 134368140 417602958 44431133 338412829 534259251 610017589 504705540 376523327 98235611 701151292 172185291 375464385 661087778 394386081 61420222 443942604 893378578 171794901 240540368 291509317 183120500 341976813 225958897 871869881
98
195258881 339565816 150212510 148926790 44551887 322108017 505682157 427413853 112118362 607071951 233735984 541216387 191739545 146836996 30945060 672362915 315263069 573631869 900324901 862865136 31225576 299979032 758158805 645007601 76659267 521197802 104547952 318534481 196840930 641658201 906356354 823415838 196486094 122930551 395188457 738608393 474803649 885575626 821417146 59369203 257662617 455455282 268871504 425487162 777401384 933160686 821614552 533287225 115121057 781322572 619115752 827781283 922343887 944904234 842524290 477330390 53790 343877121 595684879 396988391 753219328 719194006 867745268 301483186 199198044 918661457 945240791 152426158 139980005 140414414 343807363 293335348 220482930 747972896 148983830 167422192 918082168 713863788 307486137 371934989 334439829 843028243 939229741 222766583 204144983 536087492 839060182 93810677 473682461 433616833 579972 318821867 486875805 60572735 693424322 148779802 738810148 389504989
97
660261791 919779900 730954070 114323779 537024151 872812350 684295099 51775544 565313950 125461028 43023607 670979889 80818500 897064176 155030440 242084911 773206517 481961542 444061693 42725587 640833115 949175632 877379654 991385050 624369862 891816355 25596515 682555730 720584344 905970007 136904278 494300439 72215696 794494307 159804669 302366775 71447014 463678487 240594242 675758831 12203912 203184696 450459017 281275649 633900311 904177173 870562043 962806126 231668328 648876491 742466754 15143204 1550026 847645066 231423600 817714942 92818047 942371999 527332006 281931342 317286890 769936639 851462887 507294005 35669995 416028149 416383562 967876089 379647927 90305244 227692802 925580286 803248623 28176866 505017487 651050339 877836960 85828030 546674207 248117781 254434193 743189742 706184748 144699434 181314078 637038718 466869057 299174149 532183728 3083625 541009831 202921575 90691457 282320278 112549943 275614744 817757800
98
651786464 308720126 458110215 883084946 980471041 682841070 435228569 566824756 832962426 138194355 8170239 10685029 936165017 940797070 250559105 533566094 926116276 969931734 758153666 458998654 228644378 352739805 659180507 478538193 265056961 183412445 99084703 166416750 842341372 679619411 58236518 255802626 73207386 338611113 957923799 459668411 606169786 525030585 324298606 942343061 719722983 736457462 887477019 248666500 32284134 533432100 904559290 904167134 705420159 789814536 50556323 362301272 923374481 316068802 572747768 455119906 935589088 551988579 421220081 786757970 304758458 230691313 528939741 885794380 122473305 306191196 427012211 105104616 438255220 927967848 475002760 750644292 609189763 567794023 414893661 131546376 53170045 740053089 853608973 32655657 35964070 89361125 409857718 788558381 410353653 589870256 499984755 831862625 105344603 205047199 852954461 172302162 110147843 396788762 95388072 804289663 628663126 853846701
98
995100407 211714659 272588528 197591876 661821172 188857009 947231132 12393818 347403753 70024176 8354729 952415846 647679215 875130905 456563185 46401238 396816877 108539741 941266751 985665602 914927592 267169763 110626119 485332699 841109967 649649870 208190877 193690195 901602215 410696759 906106762 330378490 928503575 127748989 515443987 444535004 660005676 234975706 935322903 587472588 376707000 964671587 903002517 321606162 839076142 941340930 745766400 999916181 77065144 921789988 747978657 965950509 206248022 116271346 523341603 411796934 990490335 694261592 135854422 220127964 938692054 441520204 961772139 590203408 122011742 261712693 349149822 446681334 978850000 941469164 801420285 552118294 943714427 785549644 623997122 329520028 173810853 991162998 995426298 562274857 95324406 295416454 387312464 430461812 601618515 739657810 219761589 813900675 938243125 286652175 176747996 288599862 782110949 709697004 858171405 93419741 906904735 880105723
99
503909584 472714118 965505642 818510870 238423900 66835801 21926565 74876937 414964911 516042321 233867996 463304185 232818040 924129339 516144143 656315520 210381199 693750983 40419113 246004030 469818660 529623110 171155025 239961629 525819734 206668412 188944765 183980740 944457527 693172468 645694098 745176059 500348615 388109782 476823849 141175421 981701048 102559918 278406882 690330683 893763177 210905647 107900381 562699183 942010526 832049892 6424181 889382164 415751673 7507861 837918168 423960298 820371815 47552494 9963576 698162537 11614986 665414328 197977847 915594839 429406606 184868503 189229780 793844698 315288966 208234753 474498787 770517342 327707130 303885316 189077548 26365884 418029323 299680157 923986147 763705676 877667052 499925718 674076555 383666960 952986709 14958204 756471364 688742041 536418862 99596765 449658902 795151455 812278018 279248014 349344286 882108580 915164320 25982857 171555501 873248168 329202118 154979424 48657852
100
542003471 908924304 596502698 491578254 610764459 147312032 122808249 351083965 857534496 557348898 806324637 25517807 872488628 137387515 631471709 523577623 426752135 862160514 372413046 40583847 211650754 953394769 878196905 761966855 519077075 773899068 225612376 650406312 8670377 417510507 389659152 56302718 938096937 91262569 947981361 784598173 161944167 136274016 815599826 265266453 476525780 243639375 853415472 242207258 42952457 951504304 332182581 28269767 81605177 48069869 950191501 788082537 882687791 83260182 420908270 375158702 366620509 326019586 831347765 617376599 31794399 593960830 459719280 526365082 632126901 613363970 331766461 778008115 530045914 222135203 710342808 989800828 247649400 587640236 88083546 782194020 790032927 211649295 511201678 769977443 567268017 343692339 638528203 889734913 809332129 483762464 365523887 319004733 375085040 604376451 84933012 282357821 263764707 494736758 940091202 872654780 92898495 904376019 175115297 619934575
100
802064066 934704331 241627340 91164438 374268730 923149222 351445083 864391672 294539769 551440496 862757491 926636597 153634170 179664873 990502554 632929191 19432794 786349016 348975090 867738238 372224725 763761428 549526278 787613796 997220505 443670090 403008759 566415869 136320281 551286911 102830554 186273200 769526224 937512468 333272297 91066023 911441605 130910666 502088187 208258288 31821493 186176190 622365620 503763785 793228009 164141644 132807767 632224212 747535538 928239880 979870322 960548106 554372717 414534279 678201813 914425955 125761631 664819869 308272025 12447943 917898143 533216571 208963958 57974146 512523852 466609090 796674375 208296446 214754961 539522430 50317309 602510107 294955920 510846825 377292746 982677741 302140175 330840719 224045048 15263163 24734114 763591554 526386287 978934920 676170388 808603163 699759486 520577584 210939240 160033324 131615762 952619381 451515923 543530087 710840727 813032739 360403184 147721644 336337175 746265592
98
394033627 905064571 492747981 32445651 183310562 111515807 569776099 709494642 529860686 801379135 155555838 833487274 174886395 476828565 510753484 381428187 769791992 276207220 503678045 327070862 734182989 330865425 96722415 540131467 838048379 258925093 356865057 837182604 60901686 194484076 744803184 442156995 786233573 77130593 656726124 316170833 440392493 612762573 476599343 163738934 584830120 681620313 882572080 626744816 16096208 385556409 842775534 528468307 630066735 292456023 107309095 42997793 874160138 463911215 110309726 828996286 452347307 886904686 277249092 247721904 729451455 62648199 854015703 434156641 703548624 248362320 563402337 892962768 350611175 349322163 359179150 914902544 88892762 591789984 368459833 715405142 937490044 784831916 639052293 29023692 813993627 926170534 879142050 728048946 577035784 383774204 378392242 330931689 163221703 406201585 941494851 864422106 185082601 976397537 294815560 440023895 651999363 483098335
98
145199056 550976461 584390711 150509069 86185736 564095933 1300706 41799244 200711808 653255216 419669694 837685325 572135394 645715403 315090336 830301776 800997873 71887822 536472750 105134105 834160139 196149805 966361439 283518467 384220581 543778795 761124739 223373580 722154243 94363160 393091177 713496500 524602276 825455555 959377764 118385247 778523588 151340502 717329066 518430052 883194493 813417219 252134217 686330316 232815836 548168183 829782287 169426909 909927074 623432888 477082475 549584655 663086847 816314990 668449970 504113964 889455262 856444983 481366324 408567972 231763197 599188635 547603245 484874730 768326132 448039227 316601061 238095505 211709914 681996361 744068106 83293991 374408134 656404009 215122786 160106288 254451935 556635876 335199903 699923422 657817758 818887952 616288779 932708023 584053055 494057478 359770121 984044379 798487723 120202799 520788631 737829105 672836597 369372330 834696127 298971587 65607560 729057339
98
334200995 223100324 137302890 816511034 190949783 286313718 957086737 690364538 230167778 541902411 349090919 15533571 915285145 874061040 728635432 744412059 324030134 657695460 390329578 383590292 678810963 467814702 766854217 246797057 275619779 915849615 843919275 458201540 576923968 351819359 101513936 191737218 273231920 247721675 183802850 435864015 180287988 192354259 423134614 263441635 380499096 303323576 43981327 626454441 609376468 233889399 421542241 356853847 986083156 764444396 983177322 909573321 112063642 200182262 866474 218497826 481708491 180832764 426520295 736732177 722545672 429476354 853511615 216314872 219671317 653858262 258586853 888507239 939294589 387861812 842751618 667820909 511103763 440596181 879883618 168612684 939423729 330776270 742457039 402701829 475003409 178219487 988008024 488876848 664441738 588247883 884113327 926430515 588143108 675673636 759834173 394168925 239048864 917927330 758989999 757142593 101526009 486431797
100
735799152 939722599 234974503 552002082 840047834 350458377 764340899 245524623 368410209 626102976 718256481 201097844 396154841 37960032 596795793 328217113 749142325 257635148 451721352 747122758 856350196 252010394 714010202 556724967 47818409 929443014 444717410 575440906 258610330 794294907 88639012 561758198 189805837 792207908 632574795 656526293 609895063 525849190 63370429 932885612 553161482 844224799 566142497 166569664 73715541 178239226 428327291 125349712 376224673 865288362 691979188 194145481 266868810 80724720 582839998 890653891 234465730 893830753 127093231 438722573 802884802 654983795 639091455 908075670 988574416 214279322 774756377 958220897 571013710 444292300 151625891 366725409 984423357 298158253 622474116 706991584 50651339 733672532 346959403 130045256 185320597 321896116 270226228 69132524 73560371 363572554 81365511 372029276 558077118 308202997 705750633 51303043 385992554 780191078 352049009 416007118 19392590 642858286 255198209 488084463